fecha	objective	metric	first_metric_only	boost_from_average	feature_pre_filter	verbosity	max_depth	min_gain_to_split	lambda_l1	lambda_l2	max_bin	num_iterations	force_row_wise	seed	learning_rate	feature_fraction	min_data_in_leaf	num_leaves	envios	ganancia	iteracion				
20220925 020157	binary	custom	TRUE	TRUE	FALSE	-100	-1	0	0	0	31	1444	TRUE	763381	0.005201496	0.750240992	1968	1024	8282	26960000	24				
20220925 021039	binary	custom	TRUE	TRUE	FALSE	-100	-1	0	0	0	31	1270	TRUE	763381	0.005001735	0.785818548	2073	977	8090	26860000	26				
20220925 050905	binary	custom	TRUE	TRUE	FALSE	-100	-1	0	0	0	31	1900	TRUE	763381	0.005231933	0.305670587	2002	1024	8170	26860000	79				
20220925 033547	binary	custom	TRUE	TRUE	FALSE	-100	-1	0	0	0	31	1355	TRUE	763381	0.005245226	0.774324192	2029	227	8659	26850000	47				
20220925 022714	binary	custom	TRUE	TRUE	FALSE	-100	-1	0	0	0	31	1185	TRUE	763381	0.005215916	0.760095262	1953	473	8280	26800000	30				
20220925 033109	binary	custom	TRUE	TRUE	FALSE	-100	-1	0	0	0	31	1532	TRUE	763381	0.005175282	0.773715497	2006	271	9500	26760000	46				
20220925 030519	binary	custom	TRUE	TRUE	FALSE	-100	-1	0	0	0	31	1074	TRUE	763381	0.005325465	0.774646627	1911	875	8311	26740000	39				
20220925 035906	binary	custom	TRUE	TRUE	FALSE	-100	-1	0	0	0	31	681	TRUE	763381	0.010101983	0.860956414	2031	43	8913	26740000	53				
20220925 030909	binary	custom	TRUE	TRUE	FALSE	-100	-1	0	0	0	31	1061	TRUE	763381	0.006104367	0.739225828	2030	34	8225	26670000	40				
20220925 031355	binary	custom	TRUE	TRUE	FALSE	-100	-1	0	0	0	31	1369	TRUE	763381	0.005211891	0.994163413	1961	249	8229	26670000	41				
20220925 022252	binary	custom	TRUE	TRUE	FALSE	-100	-1	0	0	0	31	1884	TRUE	763381	0.005386328	0.793188334	1512	1005	8312	26660000	29				z
20220925 030104	binary	custom	TRUE	TRUE	FALSE	-100	-1	0	0	0	31	774	TRUE	763381	0.00627354	0.804854415	1891	64	9964	26640000	38				
20220925 035650	binary	custom	TRUE	TRUE	FALSE	-100	-1	0	0	0	31	675	TRUE	763381	0.005188964	0.769416736	2085	302	8323	26640000	52				
20220925 040230	binary	custom	TRUE	TRUE	FALSE	-100	-1	0	0	0	31	556	TRUE	763381	0.00524512	0.398334706	2039	137	8728	26630000	54				
20220925 053530	binary	custom	TRUE	TRUE	FALSE	-100	-1	0	0	0	31	764	TRUE	763381	0.006392137	0.999481956	1980	192	9713	26580000	89				
20220925 031757	binary	custom	TRUE	TRUE	FALSE	-100	-1	0	0	0	31	1112	TRUE	763381	0.00560809	0.788304388	1990	405	10524	26560000	42				
20220925 051431	binary	custom	TRUE	TRUE	FALSE	-100	-1	0	0	0	31	1308	TRUE	763381	0.00522386	0.498200698	1997	1021	8165	26550000	80				
20220925 020556	binary	custom	TRUE	TRUE	FALSE	-100	-1	0	0	0	31	965	TRUE	763381	0.005726339	0.684132557	1651	1024	7869	26510000	25				
20220925 062424	binary	custom	TRUE	TRUE	FALSE	-100	-1	0	0	0	31	266	TRUE	763381	0.075528637	0.998631856	7999	45	8016	26450000	114				
20220925 043637	binary	custom	TRUE	TRUE	FALSE	-100	-1	0	0	0	31	1906	TRUE	763381	0.005136721	0.786766579	3376	20	8710	26420000	68				
20220925 033842	binary	custom	TRUE	TRUE	FALSE	-100	-1	0	0	0	31	411	TRUE	763381	0.005365633	0.772575615	1580	219	8762	26400000	48				
20220925 040300	binary	custom	TRUE	TRUE	FALSE	-100	-1	0	0	0	31	143	TRUE	763381	0.089501354	0.851509971	1967	130	8722	26400000	55				
20220925 063542	binary	custom	TRUE	TRUE	FALSE	-100	-1	0	0	0	31	910	TRUE	763381	0.005090364	0.404633168	1979	489	10013	26380000	118				
20220925 042621	binary	custom	TRUE	TRUE	FALSE	-100	-1	0	0	0	31	113	TRUE	763381	0.221331336	0.983730828	7999	22	8743	26360000	62				
20220925 015533	binary	custom	TRUE	TRUE	FALSE	-100	-1	0	0	0	31	1300	TRUE	763381	0.005007322	0.911294241	2323	1024	8509	26350000	23				
20220925 040543	binary	custom	TRUE	TRUE	FALSE	-100	-1	0	0	0	31	519	TRUE	763381	0.005417274	0.833981125	2429	125	9511	26340000	56				
20220925 054454	binary	custom	TRUE	TRUE	FALSE	-100	-1	0	0	0	31	959	TRUE	763381	0.00501366	0.31532922	1635	1022	10032	26340000	94				
20220925 014635	binary	custom	TRUE	TRUE	FALSE	-100	-1	0	0	0	31	343	TRUE	763381	0.013684156	0.735664064	2245	1024	9005	26310000	21				
20220925 043159	binary	custom	TRUE	TRUE	FALSE	-100	-1	0	0	0	31	1461	TRUE	763381	0.005460981	0.987350763	1709	1023	10058	26290000	66				
20220925 061030	binary	custom	TRUE	TRUE	FALSE	-100	-1	0	0	0	31	1051	TRUE	763381	0.00537603	0.28147482	2011	713	7344	26280000	107				
20220925 060026	binary	custom	TRUE	TRUE	FALSE	-100	-1	0	0	0	31	999	TRUE	763381	0.005306232	0.320992091	1994	57	6671	26260000	102				
20220925 021336	binary	custom	TRUE	TRUE	FALSE	-100	-1	0	0	0	31	647	TRUE	763381	0.005604217	0.741188778	2642	1008	8245	26230000	27				
20220925 044512	binary	custom	TRUE	TRUE	FALSE	-100	-1	0	0	0	31	727	TRUE	763381	0.005851297	0.283307595	3114	22	7971	26220000	71				
20220925 045453	binary	custom	TRUE	TRUE	FALSE	-100	-1	0	0	0	31	713	TRUE	763381	0.005650615	0.328319246	4855	17	8659	26210000	74				
20220925 034143	binary	custom	TRUE	TRUE	FALSE	-100	-1	0	0	0	31	901	TRUE	763381	0.005139204	0.812172977	5238	1021	8386	26190000	49				
20220925 054817	binary	custom	TRUE	TRUE	FALSE	-100	-1	0	0	0	31	1186	TRUE	763381	0.005184937	0.999997461	5302	566	8109	26190000	95				
20220925 044205	binary	custom	TRUE	TRUE	FALSE	-100	-1	0	0	0	31	878	TRUE	763381	0.005904948	0.893845376	7998	289	8481	26160000	70				
20220925 042603	binary	custom	TRUE	TRUE	FALSE	-100	-1	0	0	0	31	1520	TRUE	763381	0.005754111	0.89622934	6529	647	8614	26140000	61				
20220925 042643	binary	custom	TRUE	TRUE	FALSE	-100	-1	0	0	0	31	93	TRUE	763381	0.299824089	0.997411325	7997	606	8811	26140000	63				
20220925 050249	binary	custom	TRUE	TRUE	FALSE	-100	-1	0	0	0	31	872	TRUE	763381	0.005206692	0.864851167	3976	18	7980	26120000	77				
20220925 041615	binary	custom	TRUE	TRUE	FALSE	-100	-1	0	0	0	31	980	TRUE	763381	0.005690054	0.999624665	7514	827	8235	26090000	59				
20220925 032212	binary	custom	TRUE	TRUE	FALSE	-100	-1	0	0	0	31	1069	TRUE	763381	0.005195002	0.349179024	1951	28	10567	26070000	43				
20220925 043931	binary	custom	TRUE	TRUE	FALSE	-100	-1	0	0	0	31	712	TRUE	763381	0.005383756	0.761688853	3577	1024	8168	26070000	69				
20220925 052845	binary	custom	TRUE	TRUE	FALSE	-100	-1	0	0	0	31	917	TRUE	763381	0.009254574	0.204429505	1996	215	8607	26070000	87				
20220925 042220	binary	custom	TRUE	TRUE	FALSE	-100	-1	0	0	0	31	3173	TRUE	763381	0.00528075	0.998641798	6830	44	9014	26060000	60				
20220925 023809	binary	custom	TRUE	TRUE	FALSE	-100	-1	0	0	0	31	975	TRUE	763381	0.008377092	0.242475124	6052	941	8741	26040000	33				
20220925 042658	binary	custom	TRUE	TRUE	FALSE	-100	-1	0	0	0	31	69	TRUE	763381	0.14642043	0.999906351	7419	372	9132	25980000	64				
20220925 060056	binary	custom	TRUE	TRUE	FALSE	-100	-1	0	0	0	31	89	TRUE	763381	0.058240055	0.687130405	8000	16	8939	25970000	104				
20220925 015008	binary	custom	TRUE	TRUE	FALSE	-100	-1	0	0	0	31	859	TRUE	763381	0.005195201	0.629926775	2413	1024	10028	25950000	22				
20220925 041101	binary	custom	TRUE	TRUE	FALSE	-100	-1	0	0	0	31	1447	TRUE	763381	0.005058613	0.485738615	5316	631	9745	25950000	57				
20220925 053946	binary	custom	TRUE	TRUE	FALSE	-100	-1	0	0	0	31	1274	TRUE	763381	0.005019275	0.577233537	7333	19	8190	25940000	90				
20220925 014032	binary	custom	TRUE	TRUE	FALSE	-100	-1	0	0	0	31	27	TRUE	763381	0.194308513	0.866050274	1773	959	8356	25930000	14				
20220925 061234	binary	custom	TRUE	TRUE	FALSE	-100	-1	0	0	0	31	118	TRUE	763381	0.088175406	0.999173592	5913	1024	9355	25930000	110				
20220925 024346	binary	custom	TRUE	TRUE	FALSE	-100	-1	0	0	0	31	1925	TRUE	763381	0.005375954	0.231598937	4906	1024	10602	25920000	34				
20220925 021655	binary	custom	TRUE	TRUE	FALSE	-100	-1	0	0	0	31	596	TRUE	763381	0.005303488	0.857558772	1974	1024	6933	25900000	28				
20220925 045145	binary	custom	TRUE	TRUE	FALSE	-100	-1	0	0	0	31	828	TRUE	763381	0.00520106	0.60272346	3069	16	9865	25870000	73				
20220925 043213	binary	custom	TRUE	TRUE	FALSE	-100	-1	0	0	0	31	42	TRUE	763381	0.299591792	0.800454764	7996	16	9750	25860000	67				
20220925 034437	binary	custom	TRUE	TRUE	FALSE	-100	-1	0	0	0	31	1090	TRUE	763381	0.007028746	0.984247944	5597	1023	10797	25770000	50				
20220925 023514	binary	custom	TRUE	TRUE	FALSE	-100	-1	0	0	0	31	1551	TRUE	763381	0.005055414	0.793307494	6858	1022	9979	25730000	32				
20220925 051708	binary	custom	TRUE	TRUE	FALSE	-100	-1	0	0	0	31	648	TRUE	763381	0.008108441	0.200894805	1954	1023	6055	25730000	81				
20220925 053219	binary	custom	TRUE	TRUE	FALSE	-100	-1	0	0	0	31	1004	TRUE	763381	0.005371992	0.200561425	3932	1024	7511	25700000	88				
20220925 014252	binary	custom	TRUE	TRUE	FALSE	-100	-1	0	0	0	31	680	TRUE	763381	0.013592984	0.362896513	5645	47	10171	25660000	16				
20220925 025740	binary	custom	TRUE	TRUE	FALSE	-100	-1	0	0	0	31	1359	TRUE	763381	0.005300486	0.275823096	3750	154	10454	25660000	37				
20220925 042710	binary	custom	TRUE	TRUE	FALSE	-100	-1	0	0	0	31	51	TRUE	763381	0.298573524	0.982029197	7996	31	7452	25660000	65				
20220925 025121	binary	custom	TRUE	TRUE	FALSE	-100	-1	0	0	0	31	3409	TRUE	763381	0.00505844	0.203302965	6595	939	10908	25630000	35				
20220925 032543	binary	custom	TRUE	TRUE	FALSE	-100	-1	0	0	0	31	1078	TRUE	763381	0.005111866	0.999715317	4689	228	10205	25590000	44				
20220925 045505	binary	custom	TRUE	TRUE	FALSE	-100	-1	0	0	0	31	47	TRUE	763381	0.209607629	0.984971609	7998	1024	7735	25570000	75				
20220925 050301	binary	custom	TRUE	TRUE	FALSE	-100	-1	0	0	0	31	17	TRUE	763381	0.299723673	0.945714196	1962	505	10376	25570000	78				
20220925 045952	binary	custom	TRUE	TRUE	FALSE	-100	-1	0	0	0	31	863	TRUE	763381	0.005106155	0.565901453	1967	1024	11384	25560000	76				
20220925 061212	binary	custom	TRUE	TRUE	FALSE	-100	-1	0	0	0	31	500	TRUE	763381	0.017191995	0.36153404	7992	17	7233	25540000	109				
20220925 013721	binary	custom	TRUE	TRUE	FALSE	-100	-1	0	0	0	31	218	TRUE	763381	0.036164519	0.409224689	6945	1016	6804	25520000	5				
20220925 023118	binary	custom	TRUE	TRUE	FALSE	-100	-1	0	0	0	31	1359	TRUE	763381	0.005159256	0.201438301	7576	200	9083	25520000	31				
20220925 041330	binary	custom	TRUE	TRUE	FALSE	-100	-1	0	0	0	31	729	TRUE	763381	0.005225136	0.933809127	7993	16	10647	25510000	58				
20220925 055201	binary	custom	TRUE	TRUE	FALSE	-100	-1	0	0	0	31	1174	TRUE	763381	0.005589371	0.200542806	7128	993	7890	25500000	97				
20220925 032612	binary	custom	TRUE	TRUE	FALSE	-100	-1	0	0	0	31	159	TRUE	763381	0.092115096	0.243565558	8000	1024	8896	25490000	45				
20220925 060623	binary	custom	TRUE	TRUE	FALSE	-100	-1	0	0	0	31	308	TRUE	763381	0.009665171	0.711818537	6063	492	11031	25460000	106				
20220925 063823	binary	custom	TRUE	TRUE	FALSE	-100	-1	0	0	0	31	653	TRUE	763381	0.007108023	0.393611932	7998	495	9953	25460000	119				
20220925 051931	binary	custom	TRUE	TRUE	FALSE	-100	-1	0	0	0	31	66	TRUE	763381	0.295807472	0.278963293	8000	20	8293	25260000	84				
20220925 014341	binary	custom	TRUE	TRUE	FALSE	-100	-1	0	0	0	31	51	TRUE	763381	0.252832964	0.311246238	6526	921	9735	25250000	18				
20220925 013911	binary	custom	TRUE	TRUE	FALSE	-100	-1	0	0	0	31	85	TRUE	763381	0.098481508	0.221985867	2290	843	9380	25240000	10				
20220925 062811	binary	custom	TRUE	TRUE	FALSE	-100	-1	0	0	0	31	1811	TRUE	763381	0.005885525	0.759921415	2053	17	12229	25230000	115				
20220925 054831	binary	custom	TRUE	TRUE	FALSE	-100	-1	0	0	0	31	34	TRUE	763381	0.255736234	0.698673374	1692	1024	10674	25220000	96				
20220925 055603	binary	custom	TRUE	TRUE	FALSE	-100	-1	0	0	0	31	705	TRUE	763381	0.006241642	0.997476839	1870	79	5915	25210000	100				
20220925 013553	binary	custom	TRUE	TRUE	FALSE	-100	-1	0	0	0	31	29	TRUE	763381	0.165183255	0.887707367	3871	793	10567	25190000	2				
20220925 054019	binary	custom	TRUE	TRUE	FALSE	-100	-1	0	0	0	31	29	TRUE	763381	0.297046011	0.999934015	6622	51	10803	25120000	92				
20220925 055220	binary	custom	TRUE	TRUE	FALSE	-100	-1	0	0	0	31	61	TRUE	763381	0.280746568	0.97942253	4434	20	8692	25100000	98				
20220925 013608	binary	custom	TRUE	TRUE	FALSE	-100	-1	0	0	0	31	50	TRUE	763381	0.174066589	0.625356234	2791	185	11346	25070000	3				
20220925 052250	binary	custom	TRUE	TRUE	FALSE	-100	-1	0	0	0	31	1176	TRUE	763381	0.005212176	0.999997086	7956	772	6305	25070000	85				
20220925 035336	binary	custom	TRUE	TRUE	FALSE	-100	-1	0	0	0	31	243	TRUE	763381	0.005001881	0.774735842	1	1024	8190	24980000	51				
20220925 055614	binary	custom	TRUE	TRUE	FALSE	-100	-1	0	0	0	31	19	TRUE	763381	0.152716754	0.999522852	7999	960	10548	24910000	101				
20220925 013626	binary	custom	TRUE	TRUE	FALSE	-100	-1	0	0	0	31	51	TRUE	763381	0.145209592	0.441683462	4283	651	7937	24850000	4				
20220925 013836	binary	custom	TRUE	TRUE	FALSE	-100	-1	0	0	0	31	147	TRUE	763381	0.05871248	0.268832764	4899	473	6155	24810000	8				
20220925 052534	binary	custom	TRUE	TRUE	FALSE	-100	-1	0	0	0	31	560	TRUE	763381	0.005042099	0.711475709	4946	951	12083	24800000	86				
20220925 061040	binary	custom	TRUE	TRUE	FALSE	-100	-1	0	0	0	31	27	TRUE	763381	0.299535094	0.748410566	7582	432	8575	24690000	108				
20220925 064410	binary	custom	TRUE	TRUE	FALSE	-100	-1	0	0	0	31	2619	TRUE	763381	0.006341425	0.200545846	2030	19	13896	24530000	120				
20220925 063119	binary	custom	TRUE	TRUE	FALSE	-100	-1	0	0	0	31	693	TRUE	763381	0.006150594	0.994817963	5765	1024	5879	24490000	117				
20220925 054008	binary	custom	TRUE	TRUE	FALSE	-100	-1	0	0	0	31	84	TRUE	763381	0.278995307	0.200059633	7998	60	11210	24460000	91				
20220925 014434	binary	custom	TRUE	TRUE	FALSE	-100	-1	0	0	0	31	200	TRUE	763381	0.034481527	0.710915173	1501	698	13259	24450000	19				
20220925 060501	binary	custom	TRUE	TRUE	FALSE	-100	-1	0	0	0	31	1291	TRUE	763381	0.005555145	0.356264366	7989	18	12799	24410000	105				
20220925 013536	binary	custom	TRUE	TRUE	FALSE	-100	-1	0	0	0	31	123	TRUE	763381	0.088140245	0.656846224	4506	594	5622	24360000	1				
20220925 013750	binary	custom	TRUE	TRUE	FALSE	-100	-1	0	0	0	31	99	TRUE	763381	0.270149591	0.721118063	712	319	8746	24350000	6				
20220925 014042	binary	custom	TRUE	TRUE	FALSE	-100	-1	0	0	0	31	28	TRUE	763381	0.276396704	0.820554295	7645	769	12259	24290000	15				
20220925 014324	binary	custom	TRUE	TRUE	FALSE	-100	-1	0	0	0	31	46	TRUE	763381	0.075262951	0.513285364	941	405	5371	24220000	17				
20220925 062349	binary	custom	TRUE	TRUE	FALSE	-100	-1	0	0	0	31	1110	TRUE	763381	0.005682804	0.201138885	5950	1024	12943	24040000	113				
20220925 014447	binary	custom	TRUE	TRUE	FALSE	-100	-1	0	0	0	31	24	TRUE	763381	0.207699331	0.763199215	6015	243	7187	24030000	20				
20220925 061549	binary	custom	TRUE	TRUE	FALSE	-100	-1	0	0	0	31	1187	TRUE	763381	0.005007784	0.999031869	6579	1015	13556	23930000	111				
20220925 044828	binary	custom	TRUE	TRUE	FALSE	-100	-1	0	0	0	31	675	TRUE	763381	0.005220501	0.406781735	3077	16	5005	23910000	72				
20220925 054031	binary	custom	TRUE	TRUE	FALSE	-100	-1	0	0	0	31	33	TRUE	763381	0.297598286	0.232833995	1934	16	6593	23860000	93				
20220925 060036	binary	custom	TRUE	TRUE	FALSE	-100	-1	0	0	0	31	20	TRUE	763381	0.299440067	0.79700631	7994	1019	5075	23770000	103				
20220925 014015	binary	custom	TRUE	TRUE	FALSE	-100	-1	0	0	0	31	77	TRUE	763381	0.292766537	0.325562734	3050	317	12818	23730000	13				
20220925 025309	binary	custom	TRUE	TRUE	FALSE	-100	-1	0	0	0	31	494	TRUE	763381	0.010786454	0.220164578	8000	596	5018	23650000	36				
20220925 062859	binary	custom	TRUE	TRUE	FALSE	-100	-1	0	0	0	31	288	TRUE	763381	0.038536395	0.999553985	7999	16	5004	23600000	116				
20220925 062020	binary	custom	TRUE	TRUE	FALSE	-100	-1	0	0	0	31	1866	TRUE	763381	0.008973518	0.221780209	3708	1024	14997	23450000	112				
20220925 051726	binary	custom	TRUE	TRUE	FALSE	-100	-1	0	0	0	31	52	TRUE	763381	0.229897298	0.998949357	1708	1020	5007	23430000	82				
20220925 013849	binary	custom	TRUE	TRUE	FALSE	-100	-1	0	0	0	31	32	TRUE	763381	0.23630466	0.921013518	3266	430	13577	23410000	9				
20220925 013955	binary	custom	TRUE	TRUE	FALSE	-100	-1	0	0	0	31	134	TRUE	763381	0.117339004	0.962644817	50	112	11858	23090000	12				
20220925 013926	binary	custom	TRUE	TRUE	FALSE	-100	-1	0	0	0	31	52	TRUE	763381	0.129270972	0.599419905	7585	554	14922	22960000	11				
20220925 013804	binary	custom	TRUE	TRUE	FALSE	-100	-1	0	0	0	31	35	TRUE	763381	0.21866218	0.528591791	5521	119	14331	22700000	7				
20220925 051914	binary	custom	TRUE	TRUE	FALSE	-100	-1	0	0	0	31	176	TRUE	763381	0.049571284	0.285496562	17	1019	14995	21850000	83				
20220925 055300	binary	custom	TRUE	TRUE	FALSE	-100	-1	0	0	0	31	176	TRUE	763381	0.285938349	0.200744548	8	1013	5008	16790000	99				
