Feature	Gain	Cover	Frequency
ctrx_quarter	0.287012317300271	0.0312001674504543	0.0259843904286545
mcuentas_saldo	0.0659762790186543	0.0338381079290121	0.0361292591540532
mpayroll	0.063667581897553	0.043212189324823	0.0226703999783576
cpayroll_trx	0.0418453132001247	0.0197439169584461	0.00873811359547674
mprestamos_personales	0.0413589678698088	0.0251569747683404	0.0129719054768765
mpasivos_margen	0.0389798332961082	0.0130657225381528	0.0199651016515846
mrentabilidad_annual	0.0336927726537173	0.030575967348464	0.0407823722761028
mtarjeta_visa_consumo	0.0274291300797637	0.016643198009759	0.0187882968794384
mcaja_ahorro	0.0216516927349352	0.0163098883264347	0.0269177183513912
mcomisiones_mantenimiento	0.0175183228653197	0.0210859235210119	0.017922601414871
mrentabilidad	0.0168497556390067	0.0143108084078515	0.0227245059448931
mcuenta_corriente	0.0168094315569359	0.0212791002201426	0.0214530157313098
Visa_mpagominimo	0.0165913534767584	0.0146991898664631	0.0230897212190074
mactivos_margen	0.0130412767058589	0.017542366700303	0.0233196715767831
Visa_status	0.0125859786850864	0.0280895749366427	0.00716904056594841
ctarjeta_visa	0.0112129199725654	0.00133032091234914	0.00136617565502036
Visa_fechaalta	0.0110500874667581	0.0185843007830088	0.0204791083336715
cliente_edad	0.0105731394642812	0.018520833268864	0.0320307321889921
cdescubierto_preacordado	0.0104233344256022	0.0126104964977246	0.0048965899714591
Master_fechaalta	0.0091372743443219	0.015655653297146	0.0218858634635934
ccajas_consultas	0.00806312643240616	0.0188043446126924	0.00584344438582965
Master_Fvencimiento	0.00798491989637393	0.0151031387833668	0.0228191913863301
Visa_msaldopesos	0.00785487362202583	0.0137385276085899	0.0166646376929216
ctarjeta_master	0.00762957355761918	0.000322808305420782	0.000771010023130301
cproductos	0.00728233442760927	0.0108107105021007	0.0102936601333712
Visa_mconsumospesos	0.00722482535568931	0.0131722605948959	0.0208037441328843
ccomisiones_otras	0.00706704475066515	0.0191247719225851	0.0254433307632999
Visa_Fvencimiento	0.00697126213237078	0.00832248732883457	0.0178143894818001
ccaja_seguridad	0.00694510787690466	0.0171130672684613	0.00446374223917543
numero_de_cliente	0.00689168329177517	0.0129094996366726	0.0207902176412504
chomebanking_transacciones	0.00664456626968797	0.0069425466995423	0.0163941078602443
ctarjeta_visa_transacciones	0.00640020250271587	0.0101268897357398	0.0174356477160519
cliente_antiguedad	0.00603724316048189	0.00859786344498165	0.0160559455693977
Master_status	0.00601446824652939	0.0139235087410536	0.0033951494001001
Visa_cconsumos	0.0059475603217999	0.00778619250904921	0.0139593393661486
Master_mfinanciacion_limite	0.0055871375640169	0.00605114258291079	0.0153660944960706
Visa_mfinanciacion_limite	0.00500920046211963	0.00580930775956032	0.013418279700794
Visa_mpagospesos	0.00477757721053359	0.00802001374045127	0.0161776839941024
cprestamos_personales	0.0046718613872461	0.0125916348181458	0.00522122577067186
mcuenta_debitos_automaticos	0.00455682401566036	0.0106086936626947	0.00726372600738547
mcomisiones_otras	0.00442018748575352	0.0116585570543214	0.015920680653059
ccomisiones_mantenimiento	0.00430764453545049	0.0157567709016801	0.00503185488779775
mautoservicio	0.00426621519893287	0.0164213895041861	0.0226027675201883
mtransferencias_recibidas	0.00375693406239392	0.00609170474767798	0.0139863923494163
Visa_msaldototal	0.00365135458535904	0.0102490742661133	0.0119033126378011
mcomisiones	0.00362095265602567	0.01064715258282	0.0158530481948897
thomebanking	0.00352920322657872	0.00463713101861472	0.0051671198041364
internet	0.00329438382905616	0.0159759010267243	0.00495069593799456
cmobile_app_trx	0.00328359569410334	0.00538511559185928	0.0062492391348456
mtransferencias_emitidas	0.00325964126333127	0.0147021014619601	0.0221834462795385
ccallcenter_transacciones	0.00325757982666429	0.0198916181754085	0.00595165631890057
mcaja_ahorro_dolares	0.00325481860412108	0.00674023008073149	0.0103071866250051
ctransferencias_recibidas	0.00314954237072211	0.0118546094328861	0.0125255312529589
mttarjeta_visa_debitos_automaticos	0.00308650983458088	0.00455571313512645	0.00844053077953171
Master_mconsumospesos	0.00289693292856644	0.00516216687101039	0.00553233507825075
ctarjeta_debito_transacciones	0.00288621226935536	0.00746517138691703	0.0143516076235307
Visa_mconsumosdolares	0.00279367816604937	0.0119785208075625	0.0109564582234306
tmobile_app	0.00276060221841481	0.0166896628597393	0.00350336133317102
mtarjeta_master_consumo	0.00271035117660638	0.00584926557670955	0.00377389116584831
tcallcenter	0.00245293608961361	0.00379753462547662	0.00284056324311163
Master_mpagospesos	0.00203843198764375	0.0106970016836847	0.00507243436269935
ctarjeta_visa_debitos_automaticos	0.00187632032683148	0.00444272790565711	0.00411205345669494
Master_mpagominimo	0.00181218193441786	0.00267663788134061	0.00436905679773837
ctransferencias_emitidas	0.0017943829371043	0.00497575723700598	0.00612750071014081
mplazo_fijo_dolares	0.00166996984973529	0.0150697421125833	0.0038550501156515
mpagomiscuentas	0.00161594568354778	0.00284471116804583	0.00528885822884119
ccaja_ahorro	0.00159204371655598	0.0102221175848435	0.00426084486466745
ctarjeta_debito	0.00155989434116293	0.00180199028412267	0.00370625870767899
cextraccion_autoservicio	0.00144987925230652	0.0135834597676917	0.0132559618011876
Master_mlimitecompra	0.00137658696562128	0.00191068522016152	0.00365215274114353
Master_msaldopesos	0.00134257415147142	0.00427832715610095	0.00384152362401764
Master_cconsumos	0.00131933858787116	0.00108050745535146	0.00177197040403631
Visa_mlimitecompra	0.00128911186050735	0.00283367104919925	0.00319225202559212
Visa_fultimo_cierre	0.00116877829177311	0.00337133020049297	0.00321930500885985
cpagomiscuentas	0.00116085263372778	0.00212413917062909	0.00340867589173396
mextraccion_autoservicio	0.00113945642944508	0.00668424076975789	0.00921154080266201
Master_msaldototal	0.00109277663346439	0.00617001517340641	0.00408500047342721
ctarjeta_master_transacciones	0.000975929041551563	0.00228219810124341	0.00144733460482355
matm_other	0.000868138879894102	0.00323572407686402	0.00265119236023753
ccuenta_debitos_automaticos	0.000859238332645908	0.000969924292167119	0.00179902338730404
catm_trx	0.000853789623198658	0.00477411153024965	0.00353041431643875
Master_fultimo_cierre	0.000795242560826957	0.0013258788136929	0.0025835599020682
Visa_msaldodolares	0.000684767664543095	0.00477297179385445	0.00259708639370207
Visa_mpagado	0.000658977916972342	0.00975102287007597	0.00238066252756023
matm	0.000645086163442123	0.00184141845906473	0.00408500047342721
Visa_mconsumototal	0.000572040387127919	0.000994213128286596	0.00159612601279606
ccajas_extracciones	0.000534026367683187	0.00783608087814264	0.00156907302952833
ccajas_transacciones	0.000491810935121974	0.00277135093354309	0.000946854414370545
cseguro_vida	0.000308253870821362	0.00219841071536715	0.000703377564960976
active_quarter	0.000273694451350934	0.000581976699595002	0.000608692123523922
Master_mconsumototal	0.000269694618843226	0.000412033383216147	0.000446374223917543
ccajas_depositos	0.00026823326097298	0.00379235313480602	0.000838642481299625
tcuentas	0.000268101467837702	0.00384019716160067	0.000838642481299625
ccheques_depositados	0.000215230639049275	0.00306713359885341	0.000541059665354597
Master_mpagado	0.000209102207425221	0.00126873348437561	0.000662798090059381
Visa_mpagosdolares	0.000206913680322922	0.000311522999584986	0.000716904056594841
minversion2	0.000141346645938807	5.17809061664613e-05	0.000284056324311163
catm_trx_other	0.000128217002402625	0.000627767764235784	0.000419321240649813
Master_mconsumosdolares	0.000115104948663802	0.000174216370099164	0.000405794749015948
cinversion1	0.000109743702265666	0.00296436816535461	0.000514006682086867
Master_msaldodolares	0.000100390819182419	0.000507357966249166	0.000446374223917543
cseguro_accidentes_personales	8.51517823498106e-05	0.000269131031134582	0.000243476849409569
mttarjeta_master_debitos_automaticos	7.71044660247931e-05	0.00016930975702976	0.000284056324311163
cinversion2	5.59556462812123e-05	0.00179422283692516	0.000311109307578893
cplazo_fijo	5.33867563396742e-05	0.000181111296409263	8.11589498031895e-05
mtarjeta_visa_descuentos	5.08116141398587e-05	0.000126398202869782	0.000108211933070919
ctarjeta_visa_descuentos	4.57817629840181e-05	0.00013751206936546	9.46854414370545e-05
mcaja_ahorro_adicional	4.27025156583576e-05	0.000923683558419156	0.000175844391240244
Visa_cadelantosefectivo	2.93822866717269e-05	0.000375052289357897	0.000284056324311163
Master_mpagosdolares	2.77542956735705e-05	2.85930170942769e-05	9.46854414370545e-05
mcheques_depositados	2.41967313418518e-05	0.000300271215407871	5.41059665354597e-05
cseguro_vivienda	2.4030008113741e-05	7.12651308350961e-05	0.000121738424704784
ctarjeta_master_debitos_automaticos	9.88073827965342e-06	9.0939471196543e-06	4.05794749015948e-05
cforex	7.85260137872043e-06	0.000461250840255094	0.000257003341043434
Visa_madelantopesos	3.33390285399085e-06	3.42663183858275e-05	5.41059665354597e-05
mcajeros_propios_descuentos	2.29724961013202e-06	0.000741613542571581	0.000541059665354597
Visa_delinquency	1.21034044328609e-06	4.84373601533267e-05	0.000148791407972514
ccajeros_propios_descuentos	1.35201837631862e-07	2.25706116715928e-05	1.35264916338649e-05
Visa_madelantodolares	1.69403190149208e-10	0.000340650926575663	0.000324635799212758
Master_madelantopesos	1.65147469108047e-15	2.25457098680002e-06	1.35264916338649e-05
