fecha	objective	metric	first_metric_only	boost_from_average	feature_pre_filter	verbosity	max_bin	num_iterations	force_row_wise	seed	learning_rate	feature_fraction	min_data_in_leaf	num_leaves	envios	bagging_fraction	bagging_freq	lambda_l1	lambda_l2	min_gain_to_split	max_depth 	ganancia	iteracion
20220929 141116	binary	custom	TRUE	TRUE	FALSE	-100	31	20	TRUE	763381	0.146301696539158	0.376328064523092	5395	455	5921	0.672474683249114	396	63.5465577727668	45.9681344920981	11.1484358862542	14	20080000	1
20220929 141141	binary	custom	TRUE	TRUE	FALSE	-100	31	45	TRUE	763381	0.082664941335732	0.808067908631209	2517	668	8283	0.462508356525839	636	81.2756644413803	97.3256130046757	7.95723723969228	15	21440000	2
20220929 141152	binary	custom	TRUE	TRUE	FALSE	-100	31	37	TRUE	763381	0.059687436999044	0.756797119496364	4323	566	7659	0.649659944789606	356	74.8794126941208	48.8517670951928	4.88202692385176	17	21250000	3
20220929 141204	binary	custom	TRUE	TRUE	FALSE	-100	31	35	TRUE	763381	0.135944324097919	0.486076555023473	3761	97	12261	0.635657740177082	512	50.6915448902884	63.0033428028376	5.36700137722794	14	21320000	4
20220929 141213	binary	custom	TRUE	TRUE	FALSE	-100	31	30	TRUE	763381	0.157763574375951	0.450821391127538	5104	538	10205	0.40094717464465	126	53.6524839868369	16.4655444410005	7.15612350925571	16	21350000	5
20220929 141218	binary	custom	TRUE	TRUE	FALSE	-100	31	5	TRUE	763381	0.235271380537623	0.923670342821146	4455	682	11362	0.105948427248224	975	66.5952750856478	43.9136817803813	3.99512074370448	12	-8e+06	6
20220929 141306	binary	custom	TRUE	TRUE	FALSE	-100	31	135	TRUE	763381	0.0390168341106619	0.328754810267012	5958	387	12311	0.777682931756994	307	27.9354195087976	66.7437871866094	8.69769899222956	9	22100000	7
20220929 141340	binary	custom	TRUE	TRUE	FALSE	-100	31	130	TRUE	763381	0.0300978066832282	0.544729731858417	2085	755	5546	0.723920281227752	872	35.511621056745	38.0317963716577	10.5507904408653	10	21150000	8
20220929 141346	binary	custom	TRUE	TRUE	FALSE	-100	31	12	TRUE	763381	0.266576083234818	0.740112978639944	6162	651	11788	0.605306685228263	778	90.5458663411944	50.8395877813521	14.6217118513314	8	20750000	9
20220929 141358	binary	custom	TRUE	TRUE	FALSE	-100	31	36	TRUE	763381	0.172822195287127	0.644596227928112	6926	917	7740	0.947770074235875	256	59.6508278074173	64.468650092657	3.03603052067476	14	23080000	10
20220929 141405	binary	custom	TRUE	TRUE	FALSE	-100	31	5	TRUE	763381	0.220042291274982	0.701584611222021	874	855	13509	0.122088874020381	291	48.2796159739771	22.7437756938939	10.8985418254612	12	16750000	11
20220929 141417	binary	custom	TRUE	TRUE	FALSE	-100	31	23	TRUE	763381	0.247210636302771	0.829643073628482	1719	216	6709	0.333959583707211	709	1.84535902724473	74.7277322977822	6.49720619081446	19	21550000	12
20220929 141431	binary	custom	TRUE	TRUE	FALSE	-100	31	84	TRUE	763381	0.0559765707415433	0.661137736279623	3840	281	6545	0.577093092961592	415	25.0684503189171	99.1010178006917	12.1982942026934	19	21150000	13
20220929 141439	binary	custom	TRUE	TRUE	FALSE	-100	31	32	TRUE	763381	0.187431240105546	0.188434769428049	6858	123	13080	0.278522607707911	907	64.9335775112092	19.7295306446928	4.26746921769897	20	19200000	14
20220929 141452	binary	custom	TRUE	TRUE	FALSE	-100	31	97	TRUE	763381	0.194583444686167	0.0364135258120897	6490	380	10987	0.835891395780354	243	97.3179634784724	41.9570811483282	3.66447465754618	12	19390000	15
20220929 141458	binary	custom	TRUE	TRUE	FALSE	-100	31	12	TRUE	763381	0.290414608624917	0.901353942741523	167	554	11398	0.372481154022491	468	84.6262063223631	72.0907813977855	6.22906414243863	13	20570000	16
20220929 141518	binary	custom	TRUE	TRUE	FALSE	-100	31	251	TRUE	763381	0.244733145981048	0.00241102077907205	4820	345	9055	0.451726615433838	630	31.3921578282673	33.7758586924832	7.51277948243192	13	19330000	17
20220929 141524	binary	custom	TRUE	TRUE	FALSE	-100	31	13	TRUE	763381	0.211077798345809	0.313204623745268	3033	937	5258	0.155051926633194	178	42.3712385808377	25.1844188106109	12.6730556892252	9	17410000	18
20220929 141532	binary	custom	TRUE	TRUE	FALSE	-100	31	26	TRUE	763381	0.164084047238178	0.246089185352527	5067	836	11921	0.269866527489214	811	83.6811451321637	81.3427205892266	6.04159480373754	18	19520000	19
20220929 141919	binary	custom	TRUE	TRUE	FALSE	-100	31	1531	TRUE	763381	0.0061499564203603	0.628778926654116	7942	299	6287	0.743975749705848	491	11.1733077213405	52.9993854421688	2.07564879753222	15	24070000	20
20220929 141930	binary	custom	TRUE	TRUE	FALSE	-100	31	43	TRUE	763381	0.0978474429719658	0.78122797282146	3162	61	12505	0.524348040441472	977	22.9829162983235	76.5798076041058	9.65657712118589	10	21310000	21
20220929 141939	binary	custom	TRUE	TRUE	FALSE	-100	31	9	TRUE	763381	0.277418605780298	0.550042657977616	1616	735	9752	0.807606132597515	675	40.1639084408408	6.6651228831637	14.0414198955615	14	21460000	22
20220929 141955	binary	custom	TRUE	TRUE	FALSE	-100	31	102	TRUE	763381	0.213192669365063	0.0711102464434331	4617	707	10271	0.914883905653998	602	17.6110093940539	82.5498149847429	3.31161632991553	7	23540000	23
20220929 142004	binary	custom	TRUE	TRUE	FALSE	-100	31	18	TRUE	763381	0.185415722578737	0.17057477067839	2718	333	13772	0.548976699316155	377	22.7149420260878	90.9751459808302	13.0549545524494	17	19820000	24
20220929 142014	binary	custom	TRUE	TRUE	FALSE	-100	31	58	TRUE	763381	0.120156400837666	0.464039248039422	7743	16	10705	0.242511551049823	36	6.66374619239822	2.34014029867678	4.49948533938661	8	21470000	25
20220929 142036	binary	custom	TRUE	TRUE	FALSE	-100	31	35	TRUE	763381	0.0321252233187393	0.609881413645053	6714	147	5004	0.359686174598372	559	57.859223226505	28.7220316119988	8.45026198059567	6	19520000	26
20220929 142109	binary	custom	TRUE	TRUE	FALSE	-100	31	110	TRUE	763381	0.0699303434501317	0.42195235587503	7635	609	14303	0.990377832378718	541	79.0574166844557	87.6913735715463	0.974891598081476	18	2.1e+07	27
20220929 142116	binary	custom	TRUE	TRUE	FALSE	-100	31	14	TRUE	763381	0.143375521988994	0.849483416644417	2361	174	14367	0.417201186404049	451	99.1221062712205	9.6038206742747	7.48685575334306	19	19110000	28
20220929 142127	binary	custom	TRUE	TRUE	FALSE	-100	31	95	TRUE	763381	0.0748581510913738	0.964831474729523	4082	980	12797	0.22315266890429	568	18.3567471211685	56.7297324308632	1.19770169678311	18	21290000	29
20220929 142139	binary	custom	TRUE	TRUE	FALSE	-100	31	69	TRUE	763381	0.0997109844110409	0.133617368868393	1141	68	7445	0.18766210044502	209	70.1858385669394	59.6230734075182	1.56177032710655	12	20870000	30
20220929 142147	binary	custom	TRUE	TRUE	FALSE	-100	31	20	TRUE	763381	0.231538589957636	0.577300833185394	927	196	8672	0.52224951409178	201	15.6902210435398	34.2879342792812	11.7406016366676	8	22180000	31
20220929 142154	binary	custom	TRUE	TRUE	FALSE	-100	31	13	TRUE	763381	0.280056371509272	0.934599592675926	1370	1013	14000	0.849545570129759	924	56.703620423032	77.7664286395224	12.3406000920917	15	2e+07	32
20220929 142159	binary	custom	TRUE	TRUE	FALSE	-100	31	1	TRUE	763381	0.254780622791388	0.880223828988218	557	428	7252	0.0753096733205243	828	92.0546405192216	12.8817218382468	11.3169812704391	6	-12100000	33
20220929 142230	binary	custom	TRUE	TRUE	FALSE	-100	31	175	TRUE	763381	0.0142029094955069	0.990329334347557	5666	893	9834	0.478292467462997	337	32.76095523113	40.7411605683865	13.564072349271	9	22100000	34
20220929 142235	binary	custom	TRUE	TRUE	FALSE	-100	31	1	TRUE	763381	0.262620242605335	0.345617956602978	7275	484	5804	0.0479623417694757	14	76.7553120711399	94.699531493962	5.46233616908668	11	-9200000	35
20220929 142320	binary	custom	TRUE	TRUE	FALSE	-100	31	159	TRUE	763381	0.0516194386079653	0.521174098810541	246	436	8047	0.964588088352407	761	8.69251929781045	68.3385135476188	2.46142499139706	11	25350000	36
20220929 142332	binary	custom	TRUE	TRUE	FALSE	-100	31	25	TRUE	763381	0.114348835532252	0.287877970739554	3558	619	9416	0.880807143406662	101	94.7524049403143	90.3165782852656	9.0153228219987	7	22130000	37
20220929 142343	binary	custom	TRUE	TRUE	FALSE	-100	31	1	TRUE	763381	0.0213312496354179	0.217575573535313	3375	793	14808	0.00606984278159004	152	36.8505853746713	1.1864007443786	10.0912361520199	20	-24650000	38
20220929 142407	binary	custom	TRUE	TRUE	FALSE	-100	31	252	TRUE	763381	0.130312160571841	0.0684003948668463	7443	878	9145	0.696767070615049	943	44.3159672759669	14.7778759095103	0.0209228251909578	16	22910000	39
20220929 142431	binary	custom	TRUE	TRUE	FALSE	-100	31	186	TRUE	763381	0.167068428194828	0.092194522092865	2788	248	8464	0.907222656383932	58	12.9015507311776	21.6209500169492	1.96880508839987	20	25160000	40
20220929 142442	binary	custom	TRUE	TRUE	FALSE	-100	31	69	TRUE	763381	0.086920626637928	0.138702145808636	727	797	10596	0.164989449519043	842	3.00270118289354	8.58593052632314	13.7886159089235	6	21530000	41
20220929 142448	binary	custom	TRUE	TRUE	FALSE	-100	31	15	TRUE	763381	0.295596978602963	0.253457733593765	5547	971	13300	0.314843323993713	75	86.4295417476162	29.6990717141124	14.884228297725	11	17960000	42
20220929 142455	binary	custom	TRUE	TRUE	FALSE	-100	31	36	TRUE	763381	0.107496522981118	0.402294392312649	1954	505	14628	0.043793997526209	743	47.5671749937186	85.0055375122401	0.484396076661688	7	-22210000	43
20220929 142502	binary	custom	TRUE	TRUE	FALSE	-100	31	13	TRUE	763381	0.201863521593279	0.71589335127957	6339	222	6886	0.757110032561384	697	71.9600177098066	58.8961868507069	9.29537675273532	17	21190000	44
20220929 142514	binary	custom	TRUE	TRUE	FALSE	-100	31	10	TRUE	763381	0.224332022641986	0.588943003335176	120	904	12782	0.201285769749709	72	20.445988904922	24.1909648699334	13.5903327546371	15	19880000	45
20220929 142532	binary	custom	TRUE	TRUE	FALSE	-100	31	47	TRUE	763381	0.0886186382267229	0.405557054484715	2582	461	8658	0.933102745909897	519	35.517963072624	66.1521720104065	5.57491548316153	16	23250000	46
20220929 142553	binary	custom	TRUE	TRUE	FALSE	-100	31	63	TRUE	763381	0.145927398440643	0.26060766863607	390	533	7190	0.900322661534828	163	0.157383670643865	31.1184863295856	2.71199525635529	10	26260000	47
20220929 142611	binary	custom	TRUE	TRUE	FALSE	-100	31	34	TRUE	763381	0.234427966286224	0.573283560287883	1481	544	8007	0.962105440001749	226	2.59650230099734	22.4775962273176	0.388570894257589	9	25670000	48
20220929 142629	binary	custom	TRUE	TRUE	FALSE	-100	31	28	TRUE	763381	0.184509930036033	0.555520667141989	1576	192	6000	0.894706486530565	563	2.84734792836461	24.7599385892392	0.218944353018246	8	24880000	49
20220929 142702	binary	custom	TRUE	TRUE	FALSE	-100	31	237	TRUE	763381	0.096097455714907	0.0478949306778751	1034	277	10981	0.944535712108878	270	10.3542946092987	7.92218339802199	0.0402414242877264	8	25080000	50
20220929 142723	binary	custom	TRUE	TRUE	FALSE	-100	31	79	TRUE	763381	0.0783537611241768	0.716462017519146	3684	702	8413	0.88444600433912	175	9.88749617022794	5.005412481809	0.825007289525684	13	26300000	51
20220929 142752	binary	custom	TRUE	TRUE	FALSE	-100	31	201	TRUE	763381	0.114452035959409	0.0533213458550467	2481	847	5573	0.907465887690597	261	0.0473414279236268	5.69752582204331	0.468555324177485	10	23820000	52
20220929 142806	binary	custom	TRUE	TRUE	FALSE	-100	31	47	TRUE	763381	0.16220210201961	0.77539645557764	909	562	13208	0.903849100786166	372	12.5994379745148	13.6273043611583	0.758030375400981	9	23990000	53
20220929 142848	binary	custom	TRUE	TRUE	FALSE	-100	31	180	TRUE	763381	0.0646926521227869	0.653872896798467	4937	488	6367	0.897693997573431	2	1.72872683409462	79.3834563673292	0.3330593644173	10	25190000	54
20220929 142912	binary	custom	TRUE	TRUE	FALSE	-100	31	107	TRUE	763381	0.117927362027428	0.603182916436598	2909	464	7524	0.848642361681838	80	1.22327421438841	31.4594034700225	1.0899556815545	15	25840000	55
20220929 142928	binary	custom	TRUE	TRUE	FALSE	-100	31	26	TRUE	763381	0.222457246460325	0.528017214491839	3448	490	7803	0.884300923795417	100	2.09941753282503	12.4030156860588	5.3700754696307	10	26640000	56
20220929 142938	binary	custom	TRUE	TRUE	FALSE	-100	31	43	TRUE	763381	0.224185540439302	0.70928682564431	6153	709	7222	0.869840684290863	316	3.0246544671087	47.0336127797272	4.31359037263585	17	24600000	57
20220929 143008	binary	custom	TRUE	TRUE	FALSE	-100	31	144	TRUE	763381	0.0872524193994068	0.284705316368269	5237	372	8313	0.968021511516883	159	0.966069859536627	21.7828867659601	1.29713830093803	8	26180000	58
20220929 143036	binary	custom	TRUE	TRUE	FALSE	-100	31	132	TRUE	763381	0.0411850472217399	0.700910049539356	4876	503	7757	0.868118371700087	831	0.52338599516381	16.3661373370029	2.71966583626455	9	25530000	59
20220929 143115	binary	custom	TRUE	TRUE	FALSE	-100	31	245	TRUE	763381	0.0718716048497242	0.238388314063158	4821	365	8448	0.880544761356385	61	15.8432942741171	11.0852091870467	0.18709141099647	11	25830000	60
20220929 143152	binary	custom	TRUE	TRUE	FALSE	-100	31	153	TRUE	763381	0.0478206448374559	0.546502250070746	3377	396	7914	0.918030396704771	174	0.0683830655186421	19.4136589902384	3.65544740510005	7	26020000	61
20220929 143231	binary	custom	TRUE	TRUE	FALSE	-100	31	337	TRUE	763381	0.0227139171743743	0.232611756878186	1899	451	5932	0.272106015774479	292	13.1863439083167	16.640354236362	1.30663050139557	10	21660000	62
20220929 143245	binary	custom	TRUE	TRUE	FALSE	-100	31	64	TRUE	763381	0.205252066895924	0.888447816586338	5046	432	7859	0.957857544321513	783	6.07751208138212	1.70145530555975	1.07760045725897	13	25970000	63
20220929 143255	binary	custom	TRUE	TRUE	FALSE	-100	31	27	TRUE	763381	0.178858849964067	0.678352829371039	5500	494	10703	0.951807158894748	36	0.0874710035554411	15.8021966820596	9.19291911282737	13	24680000	64
20220929 143432	binary	custom	TRUE	TRUE	FALSE	-100	31	448	TRUE	763381	0.047266205511109	0.455297009996948	4186	626	8806	0.975416772871405	711	3.34401862959902	28.1623866102988	0.463783392485597	11	27110000	65
20220929 143453	binary	custom	TRUE	TRUE	FALSE	-100	31	77	TRUE	763381	0.132904878540499	0.279565000517864	3304	242	7533	0.993082966605604	719	0.402603891129661	16.2529173298679	1.47777284640747	12	25340000	66
20220929 143539	binary	custom	TRUE	TRUE	FALSE	-100	31	233	TRUE	763381	0.0884358996303551	0.407794603514817	7445	597	6897	0.960352345398814	777	0.0975185561762383	11.1352864376626	0.148617122387653	11	26130000	67
20220929 143602	binary	custom	TRUE	TRUE	FALSE	-100	31	95	TRUE	763381	0.203300582601315	0.971433818489048	5847	669	7859	0.754900826123596	937	0.0983268248233514	10.3522239750264	0.28694942220492	13	25330000	68
20220929 143640	binary	custom	TRUE	TRUE	FALSE	-100	31	157	TRUE	763381	0.102106490000625	0.468359531266519	4347	621	8078	0.774627080432035	689	1.68106061113145	55.8175321310003	0.225622028116305	18	26650000	69
20220929 143657	binary	custom	TRUE	TRUE	FALSE	-100	31	77	TRUE	763381	0.130792550596181	0.707283523937247	5480	824	9684	0.739165517164551	562	4.94409074025766	89.4906468099661	0.0096977656914448	13	25120000	70
20220929 143729	binary	custom	TRUE	TRUE	FALSE	-100	31	188	TRUE	763381	0.0857113230177959	0.61077127078444	4248	365	11010	0.736242555889342	990	0.931233096944376	53.9890316917736	0.6024454625187	15	26220000	71
20220929 143745	binary	custom	TRUE	TRUE	FALSE	-100	31	57	TRUE	763381	0.154385667979942	0.208708917762196	4413	587	11668	0.742175672915665	449	9.52091632772658	6.38120946839339	2.50622746532038	18	23550000	72
20220929 143858	binary	custom	TRUE	TRUE	FALSE	-100	31	403	TRUE	763381	0.0317031492219848	0.943865111788598	3839	327	7369	0.770258122451316	702	1.68162663850633	67.51938509878	0.0607751686506873	15	25350000	73
20220929 143923	binary	custom	TRUE	TRUE	FALSE	-100	31	150	TRUE	763381	0.138941386783727	0.632330575118687	6811	600	5915	0.797206249170036	982	6.7367959458935	71.7511609895664	0.488422195137205	13	24410000	74
20220929 143936	binary	custom	TRUE	TRUE	FALSE	-100	31	61	TRUE	763381	0.159538045859139	0.721761516158369	6724	593	8056	0.706629038961773	941	2.41558584303664	69.4860193716263	2.11877250110382	19	24850000	75
20220929 143952	binary	custom	TRUE	TRUE	FALSE	-100	31	66	TRUE	763381	0.225508747695586	0.858422342161735	6164	771	9254	0.999871092732041	514	0.30551302945579	26.9640947835717	1.02098991038403	12	26620000	76
20220929 144022	binary	custom	TRUE	TRUE	FALSE	-100	31	148	TRUE	763381	0.0908593924264772	0.815484050128932	5807	623	8470	0.983333350484269	480	0.818374680953157	66.0888734597287	0.038823544097542	11	26900000	77
20220929 144046	binary	custom	TRUE	TRUE	FALSE	-100	31	93	TRUE	763381	0.0914636451980125	0.640276810804679	5812	664	8227	0.987633786997165	514	4.1106561497469	13.3306426370927	1.05806540009919	19	26030000	78
20220929 144103	binary	custom	TRUE	TRUE	FALSE	-100	31	54	TRUE	763381	0.179724060736103	0.269895819383094	5599	645	5553	0.990699840496125	672	11.5790399263106	15.9681441593606	1.47068948772033	8	23540000	79
20220929 144135	binary	custom	TRUE	TRUE	FALSE	-100	31	184	TRUE	763381	0.11439639740682	0.926552608715001	6605	796	11692	0.969866080680305	685	0.219597035033535	39.307211255031	0.0887576073213025	12	25740000	80
20220929 144202	binary	custom	TRUE	TRUE	FALSE	-100	31	106	TRUE	763381	0.182235884437885	0.368271409025919	3792	526	9663	0.885481771526825	668	0.366383257281756	43.0613544231591	0.451454314836069	13	26840000	81
20220929 144214	binary	custom	TRUE	TRUE	FALSE	-100	31	61	TRUE	763381	0.211353136801765	0.802468578700659	3702	671	9130	0.797372024082794	680	1.08048956794291	49.2446032101205	2.01221326303079	8	25660000	82
20220929 144229	binary	custom	TRUE	TRUE	FALSE	-100	31	41	TRUE	763381	0.292466947100289	0.484300467163843	3921	345	11135	0.768231321172232	922	0.78265826652176	86.0294915122985	0.468573064915866	16	24210000	83
20220929 144242	binary	custom	TRUE	TRUE	FALSE	-100	31	55	TRUE	763381	0.171200628882531	0.737627080930945	3626	692	10845	0.999868006338327	288	0.0175868775415384	84.202750085828	4.81606366356513	13	24710000	84
20220929 144258	binary	custom	TRUE	TRUE	FALSE	-100	31	78	TRUE	763381	0.141807202173784	0.735345825627477	4671	788	11014	0.611517259355393	830	4.14803850425561	50.5575908616394	0.230716588262649	11	24940000	85
20220929 144309	binary	custom	TRUE	TRUE	FALSE	-100	31	40	TRUE	763381	0.246808449002034	0.986948766901865	3261	818	7822	0.539280875678327	628	3.73856927909261	63.6090613178378	2.8725583196632	7	23720000	86
20220929 144414	binary	custom	TRUE	TRUE	FALSE	-100	31	522	TRUE	763381	0.0301530072937301	0.645841925828497	4516	690	10915	0.774140153231341	867	1.76001913832995	47.0924148608886	1.35820723735504	13	25930000	87
20220929 144438	binary	custom	TRUE	TRUE	FALSE	-100	31	162	TRUE	763381	0.0786041762566948	0.822625063142386	4623	508	9436	0.687473268835951	684	1.12027916508406	61.1743591132093	1.39099998352459	6	25450000	88
20220929 144457	binary	custom	TRUE	TRUE	FALSE	-100	31	148	TRUE	763381	0.045658684545396	0.954322418667139	3792	808	11663	0.357096176051226	569	1.30304979955675	62.8750812162917	4.04081495239079	12	22840000	89
20220929 144517	binary	custom	TRUE	TRUE	FALSE	-100	31	155	TRUE	763381	0.0979802004560055	0.805946087025069	7363	479	9747	0.571008109953754	583	6.55375841108131	35.8586299456741	0.724589132096513	10	25710000	90
20220929 144539	binary	custom	TRUE	TRUE	FALSE	-100	31	104	TRUE	763381	0.122203186995131	0.58170610096085	6632	338	8559	0.638820955744781	793	1.59333302888938	4.54466613170506	0.943189570842665	8	26090000	91
20220929 144612	binary	custom	TRUE	TRUE	FALSE	-100	31	199	TRUE	763381	0.0635494661178228	0.420980984763046	7878	539	10175	0.638603714924555	949	0.277082714398766	60.5622762603749	0.0761049556672975	7	25250000	92
20220929 144635	binary	custom	TRUE	TRUE	FALSE	-100	31	113	TRUE	763381	0.0921178352139121	0.831811111136337	3931	504	8461	0.574531023522305	159	0.645657482755292	8.19004418640296	1.27026748286189	8	25560000	93
20220929 144701	binary	custom	TRUE	TRUE	FALSE	-100	31	123	TRUE	763381	0.136680858077514	0.842704079972786	7294	356	10182	0.99776701776985	487	1.27889202706333	28.2889757648769	0.0219437554921742	12	26040000	94
20220929 144714	binary	custom	TRUE	TRUE	FALSE	-100	31	47	TRUE	763381	0.0844598307652205	0.699828648109254	5987	659	6851	0.577208995000516	881	2.12942959889637	2.01659965107634	5.38973906519948	6	23580000	95
20220929 144743	binary	custom	TRUE	TRUE	FALSE	-100	31	202	TRUE	763381	0.0495675768150321	0.815634610283393	6142	313	9959	0.606044901903818	124	2.33009489917936	68.3271846070533	0.876765744665476	6	25210000	96
20220929 144803	binary	custom	TRUE	TRUE	FALSE	-100	31	112	TRUE	763381	0.0992783313653907	0.976098188134623	7322	385	12044	0.661573525902209	697	2.97514426768597	69.5159347253606	0.00707758964616443	12	24800000	97
20220929 144813	binary	custom	TRUE	TRUE	FALSE	-100	31	32	TRUE	763381	0.087854413823023	0.497737770444668	1329	728	11323	0.239117096375801	523	8.44884699736686	1.91871976711378	14.6886971845763	10	21440000	98
20220929 144846	binary	custom	TRUE	TRUE	FALSE	-100	31	125	TRUE	763381	0.127266852623056	0.441880732435179	905	458	9061	0.767651668986337	269	5.174210077766	40.7994780791435	0.0254150813070919	9	26360000	99
20220929 144905	binary	custom	TRUE	TRUE	FALSE	-100	31	57	TRUE	763381	0.217911613845428	0.466671424425178	2763	515	9810	0.897068363347464	111	0.057568201210085	33.9569747288712	0.822655456063709	13	25980000	100
20220929 144943	binary	custom	TRUE	TRUE	FALSE	-100	31	231	TRUE	763381	0.117003243213239	0.594320472081788	5487	697	7602	0.760722318921873	77	0.351350182044944	23.0389616153677	0.584141682534127	8	25920000	101
20220929 145003	binary	custom	TRUE	TRUE	FALSE	-100	31	91	TRUE	763381	0.14154363810773	0.651555363324201	1738	677	9222	0.90216866311895	905	0.664498540164949	25.5160284411708	0.967940590967729	14	26440000	102
20220929 145018	binary	custom	TRUE	TRUE	FALSE	-100	31	71	TRUE	763381	0.147461905604402	0.693862745043283	4131	663	9233	0.991731040521517	936	15.3024412703921	56.6961743409761	1.02139659032791	15	25300000	103
20220929 145107	binary	custom	TRUE	TRUE	FALSE	-100	31	277	TRUE	763381	0.0788618100701729	0.440305152582551	2027	304	8188	0.708715012259925	103	1.41636001605395	22.6787234511831	0.15169311831493	9	26190000	104
20220929 145129	binary	custom	TRUE	TRUE	FALSE	-100	31	90	TRUE	763381	0.146020872978275	0.449051053856989	4260	307	8154	0.753987341732659	594	1.10276433354514	22.0511055075067	0.650776211441685	10	26340000	105
20220929 145143	binary	custom	TRUE	TRUE	FALSE	-100	31	67	TRUE	763381	0.119567046549434	0.714159835152828	1374	208	8501	0.78802802786604	96	1.13628560278671	13.527304867965	2.49540031001356	7	25160000	106
20220929 145203	binary	custom	TRUE	TRUE	FALSE	-100	31	76	TRUE	763381	0.0970386080368878	0.605445698001642	4959	672	9118	0.64235648292553	292	0.524238652292989	27.9682749076911	0.508822316121962	7	25290000	107
20220929 145223	binary	custom	TRUE	TRUE	FALSE	-100	31	131	TRUE	763381	0.0924768399360864	0.902907092319104	5224	410	8089	0.507513477941691	245	1.20817852565757	93.5693117990069	0.051827593566263	8	25030000	108
20220929 145248	binary	custom	TRUE	TRUE	FALSE	-100	31	243	TRUE	763381	0.0367876635068211	0.800856673075071	1762	20	10249	0.301534693980042	105	46.8276454906813	71.7081544026916	0.147363034597766	16	21830000	109
20220929 145323	binary	custom	TRUE	TRUE	FALSE	-100	31	177	TRUE	763381	0.0293358705211825	0.869215122346586	1937	821	8762	0.999063327329459	131	9.55078567238756	0.668058692935693	2.89278702109001	10	25840000	110
20220929 145349	binary	custom	TRUE	TRUE	FALSE	-100	31	98	TRUE	763381	0.0724378274552572	0.744004753004608	4206	723	9144	0.97951299008706	435	1.39459996272877	18.619392211603	0.891399157981923	10	26600000	111
20220929 145604	binary	custom	TRUE	TRUE	FALSE	-100	31	422	TRUE	763381	0.0284679819063802	0.210997494675021	1000	770	9034	0.987385380218879	6	0.241514970062708	29.6605377614526	0.034784186542035	16	27220000	112
20220929 145747	binary	custom	TRUE	TRUE	FALSE	-100	31	425	TRUE	763381	0.0173531921810904	0.418200509243929	802	746	8709	0.951944627038696	3	11.6293915660279	13.026555886228	1.24870668675083	11	26590000	113
20220929 145826	binary	custom	TRUE	TRUE	FALSE	-100	31	109	TRUE	763381	0.0869479097704274	0.455769247662443	1965	840	8668	0.999374923032208	59	1.48805697290085	37.2781216698376	0.457831445770913	12	26670000	114
20220929 150157	binary	custom	TRUE	TRUE	FALSE	-100	31	895	TRUE	763381	0.00794596485417915	0.171619869444729	259	820	10194	0.882535254847798	370	0.211293783988152	29.3048696237296	0.123371716375727	19	26260000	115
20220929 150744	binary	custom	TRUE	TRUE	FALSE	-100	31	1853	TRUE	763381	0.00823837184139929	0.307086296105877	1174	787	9563	0.975950547898676	162	0.219559008135669	52.8397508360542	0.192701681945383	17	27120000	116
20220929 150806	binary	custom	TRUE	TRUE	FALSE	-100	31	59	TRUE	763381	0.0824104471964088	0.291031264193663	1334	870	9239	0.874934941073433	19	0.12726892613717	24.1824866675937	5.17829945526777	10	25930000	117
20220929 151450	binary	custom	TRUE	TRUE	FALSE	-100	31	2616	TRUE	763381	0.00628221352388706	0.248731047358858	5669	880	9112	0.997406356715865	555	6.52014355555726	47.7483243717515	0.191378203889812	13	26900000	118
20220929 151646	binary	custom	TRUE	TRUE	FALSE	-100	31	579	TRUE	763381	0.0127643853615681	0.10863385604546	1675	995	10399	0.991892013148028	219	0.55247723768635	19.3516402328086	0.0439292962896348	16	25770000	119
20220929 151745	binary	custom	TRUE	TRUE	FALSE	-100	31	401	TRUE	763381	0.0379529296361732	0.780750652954104	6580	866	8428	0.893209879007267	762	1.52821867747255	57.9016185763672	0.443122094030206	16	26110000	120
20220929 152102	binary	custom	TRUE	TRUE	FALSE	-100	31	1095	TRUE	763381	0.0133455531166771	0.36025303836325	2151	694	9051	0.868530122580078	683	0.0728039120548502	58.8817069691718	0.00354087248610081	12	26860000	121
20220929 152209	binary	custom	TRUE	TRUE	FALSE	-100	31	436	TRUE	763381	0.0342421034707663	0.154348080614892	666	825	8197	0.762674815145658	101	0.146027955183542	60.3469065229758	2.29535481865945	16	25850000	122
20220929 152348	binary	custom	TRUE	TRUE	FALSE	-100	31	416	TRUE	763381	0.0217480030402115	0.344251871043621	534	280	10309	0.998084444393491	84	7.45310739586419	14.28125859903	0.226078382305443	18	26590000	123
20220929 153119	binary	custom	TRUE	TRUE	FALSE	-100	31	2639	TRUE	763381	0.00517939638371696	0.14953095442564	388	545	13846	0.979351687455487	40	1.50218723207646	34.4987425476593	0.358737936647452	16	24790000	124
20220929 153247	binary	custom	TRUE	TRUE	FALSE	-100	31	253	TRUE	763381	0.0618408027631608	0.592689904996441	42	766	9084	0.884955868952399	595	0.80506655516521	44.7397927210765	0.0837612819130504	11	26400000	125
20220929 153318	binary	custom	TRUE	TRUE	FALSE	-100	31	134	TRUE	763381	0.070201818382302	0.259459183458264	1098	361	7940	0.978419930642485	82	2.07774481197918	11.425461693453	1.21888951824084	14	26760000	126
20220929 153347	binary	custom	TRUE	TRUE	FALSE	-100	31	165	TRUE	763381	0.0695568469651633	0.218853525674715	4587	743	8404	0.556425282668983	129	1.97665899855948	76.9933862461113	0.0654042850903819	8	25360000	127
20220929 153412	binary	custom	TRUE	TRUE	FALSE	-100	31	163	TRUE	763381	0.236570097898638	0.293832610725341	5412	414	7869	0.732128631165568	77	0.1207836422454	71.9965452790981	0.971657997007315	9	25950000	128
20220929 153428	binary	custom	TRUE	TRUE	FALSE	-100	31	63	TRUE	763381	0.204709149117792	0.198730256813121	506	564	7914	0.744036647447204	5	0.153107624628233	14.0183325074695	3.09697936807825	9	25460000	129
20220929 153458	binary	custom	TRUE	TRUE	FALSE	-100	31	218	TRUE	763381	0.169243910116982	0.19268588334482	6878	205	7259	0.585297046898142	186	0.0688397008643691	42.8574339528703	0.242658580477717	8	25410000	130
20220929 153525	binary	custom	TRUE	TRUE	FALSE	-100	31	108	TRUE	763381	0.0809783888768745	0.247422351237847	2476	499	8866	0.741631512618807	782	2.72041420390017	41.2798789487472	0.0228798123370277	12	25470000	131
20220929 153629	binary	custom	TRUE	TRUE	FALSE	-100	31	291	TRUE	763381	0.0447221900363925	0.466208257660463	4915	680	8905	0.999437995986554	315	1.35738324855029	44.149603957353	0.370595496203641	14	26590000	132
20220929 153704	binary	custom	TRUE	TRUE	FALSE	-100	31	155	TRUE	763381	0.0909201170302132	0.331074480803179	4831	840	9338	0.873722250889074	779	2.08092382612784	20.3440375985204	0.143532291179148	16	26370000	133
20220929 154355	binary	custom	TRUE	TRUE	FALSE	-100	31	1298	TRUE	763381	0.00952482742610648	0.605783962510153	450	743	8685	0.987784990036988	99	0.943100967973046	74.0466609734954	0.0698103369382356	10	27270000	134
20220929 154430	binary	custom	TRUE	TRUE	FALSE	-100	31	229	TRUE	763381	0.0816355655074298	0.603185962862991	6038	919	8599	0.524349086348095	151	1.20087753131766	51.4269354194296	1.47611025582379	19	24970000	135
20220929 154854	binary	custom	TRUE	TRUE	FALSE	-100	31	1048	TRUE	763381	0.00592008083557554	0.587320557883575	3314	861	9656	0.999174933626136	638	1.31890992997499	63.5901925511384	0.0567358044994912	11	26530000	136
20220929 154930	binary	custom	TRUE	TRUE	FALSE	-100	31	143	TRUE	763381	0.0968061955522772	0.515415040839225	4966	620	8941	0.907632389309572	652	0.00322657261140364	26.5915115970523	0.190890642407222	12	26680000	137
20220929 155001	binary	custom	TRUE	TRUE	FALSE	-100	31	150	TRUE	763381	0.129826419003889	0.624889981282418	2484	479	10043	0.850048714774931	892	0.454278817265328	77.661639104311	0.0198388329750198	19	26960000	138
20220929 155014	binary	custom	TRUE	TRUE	FALSE	-100	31	34	TRUE	763381	0.137235711350127	0.813141957356917	2420	290	9553	0.82013457357301	980	11.9341719772572	10.616785726171	0.945864582277138	19	25700000	139
20220929 155041	binary	custom	TRUE	TRUE	FALSE	-100	31	221	TRUE	763381	0.250724143686037	0.764604921746813	5123	808	9717	0.574533328746928	26	2.93532845283124	66.3437989951493	0.314701512025167	11	25770000	140
20220929 155051	binary	custom	TRUE	TRUE	FALSE	-100	31	41	TRUE	763381	0.214821146735778	0.824386148420322	7191	667	7685	0.557727496120916	181	2.8628580761576	59.9337381938217	3.25461773935262	9	23670000	141
20220929 155118	binary	custom	TRUE	TRUE	FALSE	-100	31	146	TRUE	763381	0.179484105075691	0.529930831367427	3402	981	11530	0.512573232168884	76	3.17033572229346	22.332985361555	0.0217207747279679	7	25100000	142
20220929 155138	binary	custom	TRUE	TRUE	FALSE	-100	31	118	TRUE	763381	0.162392820037934	0.718017641032632	1263	670	10336	0.531838875793447	16	0.272654960721825	80.3494950866127	0.879345890955175	15	26210000	143
20220929 155203	binary	custom	TRUE	TRUE	FALSE	-100	31	113	TRUE	763381	0.184216197619106	0.583237698915	1947	812	9714	0.689006549947367	15	0.750008286084078	96.5144587882313	0.0550764786526909	18	26100000	144
