fecha	objective	metric	first_metric_only	boost_from_average	feature_pre_filter	verbosity	max_bin	num_iterations	force_row_wise	seed	learning_rate	feature_fraction	min_data_in_leaf	num_leaves	envios	bagging_fraction	bagging_freq	lambda_l1	lambda_l2	min_gain_to_split	max_depth 	ganancia	iteracion
20220929 154355	binary	custom	TRUE	TRUE	FALSE	-100	31	1298	TRUE	763381	0.009524827	0.605783963	450	743	8685	0.98778499	99	0.943100968	74.04666097	0.069810337	10	27270000	134
20220929 145604	binary	custom	TRUE	TRUE	FALSE	-100	31	422	TRUE	763381	0.028467982	0.210997495	1000	770	9034	0.98738538	6	0.24151497	29.66053776	0.034784187	16	27220000	112
20220929 150744	binary	custom	TRUE	TRUE	FALSE	-100	31	1853	TRUE	763381	0.008238372	0.307086296	1174	787	9563	0.975950548	162	0.219559008	52.83975084	0.192701682	17	27120000	116
20220929 143432	binary	custom	TRUE	TRUE	FALSE	-100	31	448	TRUE	763381	0.047266206	0.45529701	4186	626	8806	0.975416773	711	3.34401863	28.16238661	0.463783392	11	27110000	65
20220929 155001	binary	custom	TRUE	TRUE	FALSE	-100	31	150	TRUE	763381	0.129826419	0.624889981	2484	479	10043	0.850048715	892	0.454278817	77.6616391	0.019838833	19	26960000	138
20220929 144022	binary	custom	TRUE	TRUE	FALSE	-100	31	148	TRUE	763381	0.090859392	0.81548405	5807	623	8470	0.98333335	480	0.818374681	66.08887346	0.038823544	11	26900000	77
20220929 151450	binary	custom	TRUE	TRUE	FALSE	-100	31	2616	TRUE	763381	0.006282214	0.248731047	5669	880	9112	0.997406357	555	6.520143556	47.74832437	0.191378204	13	26900000	118
20220929 152102	binary	custom	TRUE	TRUE	FALSE	-100	31	1095	TRUE	763381	0.013345553	0.360253038	2151	694	9051	0.868530123	683	0.072803912	58.88170697	0.003540872	12	26860000	121
20220929 144202	binary	custom	TRUE	TRUE	FALSE	-100	31	106	TRUE	763381	0.182235884	0.368271409	3792	526	9663	0.885481772	668	0.366383257	43.06135442	0.451454315	13	26840000	81
20220929 153318	binary	custom	TRUE	TRUE	FALSE	-100	31	134	TRUE	763381	0.070201818	0.259459183	1098	361	7940	0.978419931	82	2.077744812	11.42546169	1.218889518	14	26760000	126
20220929 154930	binary	custom	TRUE	TRUE	FALSE	-100	31	143	TRUE	763381	0.096806196	0.515415041	4966	620	8941	0.907632389	652	0.003226573	26.5915116	0.190890642	12	26680000	137
20220929 145826	binary	custom	TRUE	TRUE	FALSE	-100	31	109	TRUE	763381	0.08694791	0.455769248	1965	840	8668	0.999374923	59	1.488056973	37.27812167	0.457831446	12	26670000	114
20220929 143640	binary	custom	TRUE	TRUE	FALSE	-100	31	157	TRUE	763381	0.10210649	0.468359531	4347	621	8078	0.77462708	689	1.681060611	55.81753213	0.225622028	18	26650000	69
20220929 142928	binary	custom	TRUE	TRUE	FALSE	-100	31	26	TRUE	763381	0.222457246	0.528017214	3448	490	7803	0.884300924	100	2.099417533	12.40301569	5.37007547	10	26640000	56
20220929 143952	binary	custom	TRUE	TRUE	FALSE	-100	31	66	TRUE	763381	0.225508748	0.858422342	6164	771	9254	0.999871093	514	0.305513029	26.96409478	1.02098991	12	26620000	76
20220929 145349	binary	custom	TRUE	TRUE	FALSE	-100	31	98	TRUE	763381	0.072437827	0.744004753	4206	723	9144	0.97951299	435	1.394599963	18.61939221	0.891399158	10	26600000	111
20220929 145747	binary	custom	TRUE	TRUE	FALSE	-100	31	425	TRUE	763381	0.017353192	0.418200509	802	746	8709	0.951944627	3	11.62939157	13.02655589	1.248706687	11	26590000	113
20220929 152348	binary	custom	TRUE	TRUE	FALSE	-100	31	416	TRUE	763381	0.021748003	0.344251871	534	280	10309	0.998084444	84	7.453107396	14.2812586	0.226078382	18	26590000	123
20220929 153629	binary	custom	TRUE	TRUE	FALSE	-100	31	291	TRUE	763381	0.04472219	0.466208258	4915	680	8905	0.999437996	315	1.357383249	44.14960396	0.370595496	14	26590000	132
20220929 154854	binary	custom	TRUE	TRUE	FALSE	-100	31	1048	TRUE	763381	0.005920081	0.587320558	3314	861	9656	0.999174934	638	1.31890993	63.59019255	0.056735804	11	26530000	136
20220929 145003	binary	custom	TRUE	TRUE	FALSE	-100	31	91	TRUE	763381	0.141543638	0.651555363	1738	677	9222	0.902168663	905	0.66449854	25.51602844	0.967940591	14	26440000	102
20220929 153247	binary	custom	TRUE	TRUE	FALSE	-100	31	253	TRUE	763381	0.061840803	0.592689905	42	766	9084	0.884955869	595	0.805066555	44.73979272	0.083761282	11	26400000	125
20220929 153704	binary	custom	TRUE	TRUE	FALSE	-100	31	155	TRUE	763381	0.090920117	0.331074481	4831	840	9338	0.873722251	779	2.080923826	20.3440376	0.143532291	16	26370000	133
20220929 144846	binary	custom	TRUE	TRUE	FALSE	-100	31	125	TRUE	763381	0.127266853	0.441880732	905	458	9061	0.767651669	269	5.174210078	40.79947808	0.025415081	9	26360000	99
20220929 145129	binary	custom	TRUE	TRUE	FALSE	-100	31	90	TRUE	763381	0.146020873	0.449051054	4260	307	8154	0.753987342	594	1.102764334	22.05110551	0.650776211	10	26340000	105
20220929 142723	binary	custom	TRUE	TRUE	FALSE	-100	31	79	TRUE	763381	0.078353761	0.716462018	3684	702	8413	0.884446004	175	9.88749617	5.005412482	0.82500729	13	26300000	51
20220929 142553	binary	custom	TRUE	TRUE	FALSE	-100	31	63	TRUE	763381	0.145927398	0.260607669	390	533	7190	0.900322662	163	0.157383671	31.11848633	2.711995256	10	26260000	47
20220929 150157	binary	custom	TRUE	TRUE	FALSE	-100	31	895	TRUE	763381	0.007945965	0.171619869	259	820	10194	0.882535255	370	0.211293784	29.30486962	0.123371716	19	26260000	115
20220929 143729	binary	custom	TRUE	TRUE	FALSE	-100	31	188	TRUE	763381	0.085711323	0.610771271	4248	365	11010	0.736242556	990	0.931233097	53.98903169	0.602445463	15	26220000	71
20220929 155138	binary	custom	TRUE	TRUE	FALSE	-100	31	118	TRUE	763381	0.16239282	0.718017641	1263	670	10336	0.531838876	16	0.272654961	80.34949509	0.879345891	15	26210000	143
20220929 145107	binary	custom	TRUE	TRUE	FALSE	-100	31	277	TRUE	763381	0.07886181	0.440305153	2027	304	8188	0.708715012	103	1.416360016	22.67872345	0.151693118	9	26190000	104
20220929 143008	binary	custom	TRUE	TRUE	FALSE	-100	31	144	TRUE	763381	0.087252419	0.284705316	5237	372	8313	0.968021512	159	0.96606986	21.78288677	1.297138301	8	26180000	58
20220929 143539	binary	custom	TRUE	TRUE	FALSE	-100	31	233	TRUE	763381	0.0884359	0.407794604	7445	597	6897	0.960352345	777	0.097518556	11.13528644	0.148617122	11	26130000	67
20220929 151745	binary	custom	TRUE	TRUE	FALSE	-100	31	401	TRUE	763381	0.03795293	0.780750653	6580	866	8428	0.893209879	762	1.528218677	57.90161858	0.443122094	16	26110000	120
20220929 155203	binary	custom	TRUE	TRUE	FALSE	-100	31	113	TRUE	763381	0.184216198	0.583237699	1947	812	9714	0.68900655	15	0.750008286	96.51445879	0.055076479	18	26100000	144
20220929 144539	binary	custom	TRUE	TRUE	FALSE	-100	31	104	TRUE	763381	0.122203187	0.581706101	6632	338	8559	0.638820956	793	1.593333029	4.544666132	0.943189571	8	26090000	91
20220929 144701	binary	custom	TRUE	TRUE	FALSE	-100	31	123	TRUE	763381	0.136680858	0.84270408	7294	356	10182	0.997767018	487	1.278892027	28.28897576	0.021943755	12	26040000	94
20220929 144046	binary	custom	TRUE	TRUE	FALSE	-100	31	93	TRUE	763381	0.091463645	0.640276811	5812	664	8227	0.987633787	514	4.11065615	13.33064264	1.0580654	19	26030000	78
20220929 143152	binary	custom	TRUE	TRUE	FALSE	-100	31	153	TRUE	763381	0.047820645	0.54650225	3377	396	7914	0.918030397	174	0.068383066	19.41365899	3.655447405	7	26020000	61
20220929 144905	binary	custom	TRUE	TRUE	FALSE	-100	31	57	TRUE	763381	0.217911614	0.466671424	2763	515	9810	0.897068363	111	0.057568201	33.95697473	0.822655456	13	25980000	100
20220929 143245	binary	custom	TRUE	TRUE	FALSE	-100	31	64	TRUE	763381	0.205252067	0.888447817	5046	432	7859	0.957857544	783	6.077512081	1.701455306	1.077600457	13	25970000	63
20220929 153412	binary	custom	TRUE	TRUE	FALSE	-100	31	163	TRUE	763381	0.236570098	0.293832611	5412	414	7869	0.732128631	77	0.120783642	71.99654528	0.971657997	9	25950000	128
20220929 144414	binary	custom	TRUE	TRUE	FALSE	-100	31	522	TRUE	763381	0.030153007	0.645841926	4516	690	10915	0.774140153	867	1.760019138	47.09241486	1.358207237	13	25930000	87
20220929 150806	binary	custom	TRUE	TRUE	FALSE	-100	31	59	TRUE	763381	0.082410447	0.291031264	1334	870	9239	0.874934941	19	0.127268926	24.18248667	5.178299455	10	25930000	117
20220929 144943	binary	custom	TRUE	TRUE	FALSE	-100	31	231	TRUE	763381	0.117003243	0.594320472	5487	697	7602	0.760722319	77	0.351350182	23.03896162	0.584141683	8	25920000	101
20220929 152209	binary	custom	TRUE	TRUE	FALSE	-100	31	436	TRUE	763381	0.034242103	0.154348081	666	825	8197	0.762674815	101	0.146027955	60.34690652	2.295354819	16	25850000	122
20220929 142912	binary	custom	TRUE	TRUE	FALSE	-100	31	107	TRUE	763381	0.117927362	0.603182916	2909	464	7524	0.848642362	80	1.223274214	31.45940347	1.089955682	15	25840000	55
20220929 145323	binary	custom	TRUE	TRUE	FALSE	-100	31	177	TRUE	763381	0.029335871	0.869215122	1937	821	8762	0.999063327	131	9.550785672	0.668058693	2.892787021	10	25840000	110
20220929 143115	binary	custom	TRUE	TRUE	FALSE	-100	31	245	TRUE	763381	0.071871605	0.238388314	4821	365	8448	0.880544761	61	15.84329427	11.08520919	0.187091411	11	25830000	60
20220929 151646	binary	custom	TRUE	TRUE	FALSE	-100	31	579	TRUE	763381	0.012764385	0.108633856	1675	995	10399	0.991892013	219	0.552477238	19.35164023	0.043929296	16	25770000	119
20220929 155041	binary	custom	TRUE	TRUE	FALSE	-100	31	221	TRUE	763381	0.250724144	0.764604922	5123	808	9717	0.574533329	26	2.935328453	66.343799	0.314701512	11	25770000	140
20220929 144135	binary	custom	TRUE	TRUE	FALSE	-100	31	184	TRUE	763381	0.114396397	0.926552609	6605	796	11692	0.969866081	685	0.219597035	39.30721126	0.088757607	12	25740000	80
20220929 144517	binary	custom	TRUE	TRUE	FALSE	-100	31	155	TRUE	763381	0.0979802	0.805946087	7363	479	9747	0.57100811	583	6.553758411	35.85862995	0.724589132	10	25710000	90
20220929 155014	binary	custom	TRUE	TRUE	FALSE	-100	31	34	TRUE	763381	0.137235711	0.813141957	2420	290	9553	0.820134574	980	11.93417198	10.61678573	0.945864582	19	25700000	139
20220929 142611	binary	custom	TRUE	TRUE	FALSE	-100	31	34	TRUE	763381	0.234427966	0.57328356	1481	544	8007	0.96210544	226	2.596502301	22.47759623	0.388570894	9	25670000	48
20220929 144214	binary	custom	TRUE	TRUE	FALSE	-100	31	61	TRUE	763381	0.211353137	0.802468579	3702	671	9130	0.797372024	680	1.080489568	49.24460321	2.012213263	8	25660000	82
20220929 144635	binary	custom	TRUE	TRUE	FALSE	-100	31	113	TRUE	763381	0.092117835	0.831811111	3931	504	8461	0.574531024	159	0.645657483	8.190044186	1.270267483	8	25560000	93
20220929 143036	binary	custom	TRUE	TRUE	FALSE	-100	31	132	TRUE	763381	0.041185047	0.70091005	4876	503	7757	0.868118372	831	0.523385995	16.36613734	2.719665836	9	25530000	59
20220929 153525	binary	custom	TRUE	TRUE	FALSE	-100	31	108	TRUE	763381	0.080978389	0.247422351	2476	499	8866	0.741631513	782	2.720414204	41.27987895	0.022879812	12	25470000	131
20220929 153428	binary	custom	TRUE	TRUE	FALSE	-100	31	63	TRUE	763381	0.204709149	0.198730257	506	564	7914	0.744036647	5	0.153107625	14.01833251	3.096979368	9	25460000	129
20220929 144438	binary	custom	TRUE	TRUE	FALSE	-100	31	162	TRUE	763381	0.078604176	0.822625063	4623	508	9436	0.687473269	684	1.120279165	61.17435911	1.390999984	6	25450000	88
20220929 153458	binary	custom	TRUE	TRUE	FALSE	-100	31	218	TRUE	763381	0.16924391	0.192685883	6878	205	7259	0.585297047	186	0.068839701	42.85743395	0.24265858	8	25410000	130
20220929 153347	binary	custom	TRUE	TRUE	FALSE	-100	31	165	TRUE	763381	0.069556847	0.218853526	4587	743	8404	0.556425283	129	1.976658999	76.99338625	0.065404285	8	25360000	127
20220929 142320	binary	custom	TRUE	TRUE	FALSE	-100	31	159	TRUE	763381	0.051619439	0.521174099	246	436	8047	0.964588088	761	8.692519298	68.33851355	2.461424991	11	25350000	36
20220929 143858	binary	custom	TRUE	TRUE	FALSE	-100	31	403	TRUE	763381	0.031703149	0.943865112	3839	327	7369	0.770258122	702	1.681626639	67.5193851	0.060775169	15	25350000	73
20220929 143453	binary	custom	TRUE	TRUE	FALSE	-100	31	77	TRUE	763381	0.132904879	0.279565001	3304	242	7533	0.993082967	719	0.402603891	16.25291733	1.477772846	12	25340000	66
20220929 143602	binary	custom	TRUE	TRUE	FALSE	-100	31	95	TRUE	763381	0.203300583	0.971433818	5847	669	7859	0.754900826	937	0.098326825	10.35222398	0.286949422	13	25330000	68
20220929 145018	binary	custom	TRUE	TRUE	FALSE	-100	31	71	TRUE	763381	0.147461906	0.693862745	4131	663	9233	0.991731041	936	15.30244127	56.69617434	1.02139659	15	25300000	103
20220929 145203	binary	custom	TRUE	TRUE	FALSE	-100	31	76	TRUE	763381	0.097038608	0.605445698	4959	672	9118	0.642356483	292	0.524238652	27.96827491	0.508822316	7	25290000	107
20220929 144612	binary	custom	TRUE	TRUE	FALSE	-100	31	199	TRUE	763381	0.063549466	0.420980985	7878	539	10175	0.638603715	949	0.277082714	60.56227626	0.076104956	7	25250000	92
20220929 144743	binary	custom	TRUE	TRUE	FALSE	-100	31	202	TRUE	763381	0.049567577	0.81563461	6142	313	9959	0.606044902	124	2.330094899	68.32718461	0.876765745	6	25210000	96
20220929 142848	binary	custom	TRUE	TRUE	FALSE	-100	31	180	TRUE	763381	0.064692652	0.653872897	4937	488	6367	0.897693998	2	1.728726834	79.38345637	0.333059364	10	25190000	54
20220929 142431	binary	custom	TRUE	TRUE	FALSE	-100	31	186	TRUE	763381	0.167068428	0.092194522	2788	248	8464	0.907222656	58	12.90155073	21.62095002	1.968805088	20	25160000	40
20220929 145143	binary	custom	TRUE	TRUE	FALSE	-100	31	67	TRUE	763381	0.119567047	0.714159835	1374	208	8501	0.788028028	96	1.136285603	13.52730487	2.49540031	7	25160000	106
20220929 143657	binary	custom	TRUE	TRUE	FALSE	-100	31	77	TRUE	763381	0.130792551	0.707283524	5480	824	9684	0.739165517	562	4.94409074	89.49064681	0.009697766	13	25120000	70
20220929 155118	binary	custom	TRUE	TRUE	FALSE	-100	31	146	TRUE	763381	0.179484105	0.529930831	3402	981	11530	0.512573232	76	3.170335722	22.33298536	0.021720775	7	25100000	142
20220929 142702	binary	custom	TRUE	TRUE	FALSE	-100	31	237	TRUE	763381	0.096097456	0.047894931	1034	277	10981	0.944535712	270	10.35429461	7.922183398	0.040241424	8	25080000	50
20220929 145223	binary	custom	TRUE	TRUE	FALSE	-100	31	131	TRUE	763381	0.09247684	0.902907092	5224	410	8089	0.507513478	245	1.208178526	93.5693118	0.051827594	8	25030000	108
20220929 154430	binary	custom	TRUE	TRUE	FALSE	-100	31	229	TRUE	763381	0.081635566	0.603185963	6038	919	8599	0.524349086	151	1.200877531	51.42693542	1.476110256	19	24970000	135
20220929 144258	binary	custom	TRUE	TRUE	FALSE	-100	31	78	TRUE	763381	0.141807202	0.735345826	4671	788	11014	0.611517259	830	4.148038504	50.55759086	0.230716588	11	24940000	85
20220929 142629	binary	custom	TRUE	TRUE	FALSE	-100	31	28	TRUE	763381	0.18450993	0.555520667	1576	192	6000	0.894706487	563	2.847347928	24.75993859	0.218944353	8	24880000	49
20220929 143936	binary	custom	TRUE	TRUE	FALSE	-100	31	61	TRUE	763381	0.159538046	0.721761516	6724	593	8056	0.706629039	941	2.415585843	69.48601937	2.118772501	19	24850000	75
20220929 144803	binary	custom	TRUE	TRUE	FALSE	-100	31	112	TRUE	763381	0.099278331	0.976098188	7322	385	12044	0.661573526	697	2.975144268	69.51593473	0.00707759	12	24800000	97
20220929 153119	binary	custom	TRUE	TRUE	FALSE	-100	31	2639	TRUE	763381	0.005179396	0.149530954	388	545	13846	0.979351687	40	1.502187232	34.49874255	0.358737937	16	24790000	124
20220929 144242	binary	custom	TRUE	TRUE	FALSE	-100	31	55	TRUE	763381	0.171200629	0.737627081	3626	692	10845	0.999868006	288	0.017586878	84.20275009	4.816063664	13	24710000	84
20220929 143255	binary	custom	TRUE	TRUE	FALSE	-100	31	27	TRUE	763381	0.17885885	0.678352829	5500	494	10703	0.951807159	36	0.087471004	15.80219668	9.192919113	13	24680000	64
20220929 142938	binary	custom	TRUE	TRUE	FALSE	-100	31	43	TRUE	763381	0.22418554	0.709286826	6153	709	7222	0.869840684	316	3.024654467	47.03361278	4.313590373	17	24600000	57
20220929 143923	binary	custom	TRUE	TRUE	FALSE	-100	31	150	TRUE	763381	0.138941387	0.632330575	6811	600	5915	0.797206249	982	6.736795946	71.75116099	0.488422195	13	24410000	74
20220929 144229	binary	custom	TRUE	TRUE	FALSE	-100	31	41	TRUE	763381	0.292466947	0.484300467	3921	345	11135	0.768231321	922	0.782658267	86.02949151	0.468573065	16	24210000	83
20220929 141919	binary	custom	TRUE	TRUE	FALSE	-100	31	1531	TRUE	763381	0.006149956	0.628778927	7942	299	6287	0.74397575	491	11.17330772	52.99938544	2.075648798	15	24070000	20
20220929 142806	binary	custom	TRUE	TRUE	FALSE	-100	31	47	TRUE	763381	0.162202102	0.775396456	909	562	13208	0.903849101	372	12.59943797	13.62730436	0.758030375	9	23990000	53
20220929 142752	binary	custom	TRUE	TRUE	FALSE	-100	31	201	TRUE	763381	0.114452036	0.053321346	2481	847	5573	0.907465888	261	0.047341428	5.697525822	0.468555324	10	23820000	52
20220929 144309	binary	custom	TRUE	TRUE	FALSE	-100	31	40	TRUE	763381	0.246808449	0.986948767	3261	818	7822	0.539280876	628	3.738569279	63.60906132	2.87255832	7	23720000	86
20220929 155051	binary	custom	TRUE	TRUE	FALSE	-100	31	41	TRUE	763381	0.214821147	0.824386148	7191	667	7685	0.557727496	181	2.862858076	59.93373819	3.254617739	9	23670000	141
20220929 144714	binary	custom	TRUE	TRUE	FALSE	-100	31	47	TRUE	763381	0.084459831	0.699828648	5987	659	6851	0.577208995	881	2.129429599	2.016599651	5.389739065	6	23580000	95
20220929 143745	binary	custom	TRUE	TRUE	FALSE	-100	31	57	TRUE	763381	0.154385668	0.208708918	4413	587	11668	0.742175673	449	9.520916328	6.381209468	2.506227465	18	23550000	72
20220929 141955	binary	custom	TRUE	TRUE	FALSE	-100	31	102	TRUE	763381	0.213192669	0.071110246	4617	707	10271	0.914883906	602	17.61100939	82.54981498	3.31161633	7	23540000	23
20220929 144103	binary	custom	TRUE	TRUE	FALSE	-100	31	54	TRUE	763381	0.179724061	0.269895819	5599	645	5553	0.99069984	672	11.57903993	15.96814416	1.470689488	8	23540000	79
20220929 142532	binary	custom	TRUE	TRUE	FALSE	-100	31	47	TRUE	763381	0.088618638	0.405557054	2582	461	8658	0.933102746	519	35.51796307	66.15217201	5.574915483	16	23250000	46
20220929 141358	binary	custom	TRUE	TRUE	FALSE	-100	31	36	TRUE	763381	0.172822195	0.644596228	6926	917	7740	0.947770074	256	59.65082781	64.46865009	3.036030521	14	23080000	10
20220929 142407	binary	custom	TRUE	TRUE	FALSE	-100	31	252	TRUE	763381	0.130312161	0.068400395	7443	878	9145	0.696767071	943	44.31596728	14.77787591	0.020922825	16	22910000	39
20220929 144457	binary	custom	TRUE	TRUE	FALSE	-100	31	148	TRUE	763381	0.045658685	0.954322419	3792	808	11663	0.357096176	569	1.3030498	62.87508122	4.040814952	12	22840000	89
20220929 142147	binary	custom	TRUE	TRUE	FALSE	-100	31	20	TRUE	763381	0.23153859	0.577300833	927	196	8672	0.522249514	201	15.69022104	34.28793428	11.74060164	8	22180000	31
20220929 142332	binary	custom	TRUE	TRUE	FALSE	-100	31	25	TRUE	763381	0.114348836	0.287877971	3558	619	9416	0.880807143	101	94.75240494	90.31657829	9.015322822	7	22130000	37
20220929 141306	binary	custom	TRUE	TRUE	FALSE	-100	31	135	TRUE	763381	0.039016834	0.32875481	5958	387	12311	0.777682932	307	27.93541951	66.74378719	8.697698992	9	22100000	7
20220929 142230	binary	custom	TRUE	TRUE	FALSE	-100	31	175	TRUE	763381	0.014202909	0.990329334	5666	893	9834	0.478292467	337	32.76095523	40.74116057	13.56407235	9	22100000	34
20220929 145248	binary	custom	TRUE	TRUE	FALSE	-100	31	243	TRUE	763381	0.036787664	0.800856673	1762	20	10249	0.301534694	105	46.82764549	71.7081544	0.147363035	16	21830000	109
20220929 143231	binary	custom	TRUE	TRUE	FALSE	-100	31	337	TRUE	763381	0.022713917	0.232611757	1899	451	5932	0.272106016	292	13.18634391	16.64035424	1.306630501	10	21660000	62
20220929 141417	binary	custom	TRUE	TRUE	FALSE	-100	31	23	TRUE	763381	0.247210636	0.829643074	1719	216	6709	0.333959584	709	1.845359027	74.7277323	6.497206191	19	21550000	12
20220929 142442	binary	custom	TRUE	TRUE	FALSE	-100	31	69	TRUE	763381	0.086920627	0.138702146	727	797	10596	0.16498945	842	3.002701183	8.585930526	13.78861591	6	21530000	41
20220929 142014	binary	custom	TRUE	TRUE	FALSE	-100	31	58	TRUE	763381	0.120156401	0.464039248	7743	16	10705	0.242511551	36	6.663746192	2.340140299	4.499485339	8	21470000	25
20220929 141939	binary	custom	TRUE	TRUE	FALSE	-100	31	9	TRUE	763381	0.277418606	0.550042658	1616	735	9752	0.807606133	675	40.16390844	6.665122883	14.0414199	14	21460000	22
20220929 141141	binary	custom	TRUE	TRUE	FALSE	-100	31	45	TRUE	763381	0.082664941	0.808067909	2517	668	8283	0.462508357	636	81.27566444	97.325613	7.95723724	15	21440000	2
20220929 144813	binary	custom	TRUE	TRUE	FALSE	-100	31	32	TRUE	763381	0.087854414	0.49773777	1329	728	11323	0.239117096	523	8.448846997	1.918719767	14.68869718	10	21440000	98
20220929 141213	binary	custom	TRUE	TRUE	FALSE	-100	31	30	TRUE	763381	0.157763574	0.450821391	5104	538	10205	0.400947175	126	53.65248399	16.46554444	7.156123509	16	21350000	5
20220929 141204	binary	custom	TRUE	TRUE	FALSE	-100	31	35	TRUE	763381	0.135944324	0.486076555	3761	97	12261	0.63565774	512	50.69154489	63.0033428	5.367001377	14	21320000	4
20220929 141930	binary	custom	TRUE	TRUE	FALSE	-100	31	43	TRUE	763381	0.097847443	0.781227973	3162	61	12505	0.52434804	977	22.9829163	76.5798076	9.656577121	10	21310000	21
20220929 142127	binary	custom	TRUE	TRUE	FALSE	-100	31	95	TRUE	763381	0.074858151	0.964831475	4082	980	12797	0.223152669	568	18.35674712	56.72973243	1.197701697	18	21290000	29
20220929 141152	binary	custom	TRUE	TRUE	FALSE	-100	31	37	TRUE	763381	0.059687437	0.756797119	4323	566	7659	0.649659945	356	74.87941269	48.8517671	4.882026924	17	21250000	3
20220929 142502	binary	custom	TRUE	TRUE	FALSE	-100	31	13	TRUE	763381	0.201863522	0.715893351	6339	222	6886	0.757110033	697	71.96001771	58.89618685	9.295376753	17	21190000	44
20220929 141340	binary	custom	TRUE	TRUE	FALSE	-100	31	130	TRUE	763381	0.030097807	0.544729732	2085	755	5546	0.723920281	872	35.51162106	38.03179637	10.55079044	10	21150000	8
20220929 141431	binary	custom	TRUE	TRUE	FALSE	-100	31	84	TRUE	763381	0.055976571	0.661137736	3840	281	6545	0.577093093	415	25.06845032	99.1010178	12.1982942	19	21150000	13
20220929 142109	binary	custom	TRUE	TRUE	FALSE	-100	31	110	TRUE	763381	0.069930343	0.421952356	7635	609	14303	0.990377832	541	79.05741668	87.69137357	0.974891598	18	2.10E+07	27
20220929 142139	binary	custom	TRUE	TRUE	FALSE	-100	31	69	TRUE	763381	0.099710984	0.133617369	1141	68	7445	0.1876621	209	70.18583857	59.62307341	1.561770327	12	20870000	30
20220929 141346	binary	custom	TRUE	TRUE	FALSE	-100	31	12	TRUE	763381	0.266576083	0.740112979	6162	651	11788	0.605306685	778	90.54586634	50.83958778	14.62171185	8	20750000	9
20220929 141458	binary	custom	TRUE	TRUE	FALSE	-100	31	12	TRUE	763381	0.290414609	0.901353943	167	554	11398	0.372481154	468	84.62620632	72.0907814	6.229064142	13	20570000	16
20220929 141116	binary	custom	TRUE	TRUE	FALSE	-100	31	20	TRUE	763381	0.146301697	0.376328065	5395	455	5921	0.672474683	396	63.54655777	45.96813449	11.14843589	14	20080000	1
20220929 142154	binary	custom	TRUE	TRUE	FALSE	-100	31	13	TRUE	763381	0.280056372	0.934599593	1370	1013	14000	0.84954557	924	56.70362042	77.76642864	12.34060009	15	2.00E+07	32
20220929 142514	binary	custom	TRUE	TRUE	FALSE	-100	31	10	TRUE	763381	0.224332023	0.588943003	120	904	12782	0.20128577	72	20.4459889	24.19096487	13.59033275	15	19880000	45
20220929 142004	binary	custom	TRUE	TRUE	FALSE	-100	31	18	TRUE	763381	0.185415723	0.170574771	2718	333	13772	0.548976699	377	22.71494203	90.97514598	13.05495455	17	19820000	24
20220929 141532	binary	custom	TRUE	TRUE	FALSE	-100	31	26	TRUE	763381	0.164084047	0.246089185	5067	836	11921	0.269866527	811	83.68114513	81.34272059	6.041594804	18	19520000	19
20220929 142036	binary	custom	TRUE	TRUE	FALSE	-100	31	35	TRUE	763381	0.032125223	0.609881414	6714	147	5004	0.359686175	559	57.85922323	28.72203161	8.450261981	6	19520000	26
20220929 141452	binary	custom	TRUE	TRUE	FALSE	-100	31	97	TRUE	763381	0.194583445	0.036413526	6490	380	10987	0.835891396	243	97.31796348	41.95708115	3.664474658	12	19390000	15
20220929 141518	binary	custom	TRUE	TRUE	FALSE	-100	31	251	TRUE	763381	0.244733146	0.002411021	4820	345	9055	0.451726615	630	31.39215783	33.77585869	7.512779482	13	19330000	17
20220929 141439	binary	custom	TRUE	TRUE	FALSE	-100	31	32	TRUE	763381	0.18743124	0.188434769	6858	123	13080	0.278522608	907	64.93357751	19.72953064	4.267469218	20	19200000	14
20220929 142116	binary	custom	TRUE	TRUE	FALSE	-100	31	14	TRUE	763381	0.143375522	0.849483417	2361	174	14367	0.417201186	451	99.12210627	9.603820674	7.486855753	19	19110000	28
20220929 142448	binary	custom	TRUE	TRUE	FALSE	-100	31	15	TRUE	763381	0.295596979	0.253457734	5547	971	13300	0.314843324	75	86.42954175	29.69907171	14.8842283	11	17960000	42
20220929 141524	binary	custom	TRUE	TRUE	FALSE	-100	31	13	TRUE	763381	0.211077798	0.313204624	3033	937	5258	0.155051927	178	42.37123858	25.18441881	12.67305569	9	17410000	18
20220929 141405	binary	custom	TRUE	TRUE	FALSE	-100	31	5	TRUE	763381	0.220042291	0.701584611	874	855	13509	0.122088874	291	48.27961597	22.74377569	10.89854183	12	16750000	11
20220929 141218	binary	custom	TRUE	TRUE	FALSE	-100	31	5	TRUE	763381	0.235271381	0.923670343	4455	682	11362	0.105948427	975	66.59527509	43.91368178	3.995120744	12	-8.00E+06	6
20220929 142235	binary	custom	TRUE	TRUE	FALSE	-100	31	1	TRUE	763381	0.262620243	0.345617957	7275	484	5804	0.047962342	14	76.75531207	94.69953149	5.462336169	11	-9200000	35
20220929 142159	binary	custom	TRUE	TRUE	FALSE	-100	31	1	TRUE	763381	0.254780623	0.880223829	557	428	7252	0.075309673	828	92.05464052	12.88172184	11.31698127	6	-12100000	33
20220929 142455	binary	custom	TRUE	TRUE	FALSE	-100	31	36	TRUE	763381	0.107496523	0.402294392	1954	505	14628	0.043793998	743	47.56717499	85.00553751	0.484396077	7	-22210000	43
20220929 142343	binary	custom	TRUE	TRUE	FALSE	-100	31	1	TRUE	763381	0.02133125	0.217575574	3375	793	14808	0.006069843	152	36.85058537	1.186400744	10.09123615	20	-24650000	38
