Feature	Gain	Cover	Frequency
vabs_fe_01	0.109202054338949	0.0152485979646281	0.0138742741338322
ctrx_quarter	0.0779599242209516	0.0108289685545873	0.0109902958026423
pesos_fe_suma_menos_tarjetas	0.0509868251324555	0.0121705486777128	0.0127830390895982
cpayroll_trx	0.0495703732420983	0.015151987932043	0.00307884173194591
ranked_mpasivos_margen	0.0399753743977656	0.00964392865829281	0.0124322849682373
cociente_fe_13	0.0299551656774645	0.0196631084533354	0.0176156514283487
ranked_mtarjeta_visa_consumo	0.0288114343331407	0.0131783670595214	0.0111851592033984
mpayroll	0.0278922103439494	0.0213954079251982	0.00549514790132117
ranked_mcuentas_saldo	0.0265312112823576	0.0268115629615382	0.0199540122374216
ranked_mcaja_ahorro	0.0245181184688525	0.00792510286375383	0.0104057056003741
cociente_fe_11	0.0240109235061268	0.00563219695912208	0.0123933122880861
suma_fe_01	0.0233176586998635	0.0068302628192754	0.0101718695194669
cociente_fe_02	0.0172451786573143	0.0139570906534509	0.0171479792665342
ctarjeta_visa_transacciones	0.016798195285589	0.00725441848562704	0.00775556335009159
Visa_msaldototal	0.015614567521957	0.0154259808865434	0.0160957169024514
mrentabilidad_annual	0.0147023433866163	0.0169167379832904	0.0188238045130364
mprestamos_personales	0.0136184733142072	0.0217137763936911	0.00475466697844811
Visa_status	0.0116146102993192	0.0217041822592248	0.00346856853345805
cprestamos_personales	0.0114835245118771	0.0140265381214824	0.00463774893799447
ranked_mcuenta_corriente	0.0113767927995063	0.0150161789523094	0.0155890720604856
mcomisiones_mantenimiento	0.011322494098012	0.0141835433554315	0.00697610974706731
Visa_mpagominimo	0.0106775945413141	0.0165559943000196	0.0181222962703145
Visa_cconsumos	0.0102570274217306	0.0076803995931449	0.0106005690011302
mactivos_margen	0.0101486715211731	0.0181625016603588	0.016212634942905
cociente_fe_04	0.00990942734161638	0.00711279307388269	0.011652831365213
Master_fechaalta	0.00899848426359589	0.015909620955193	0.0215129194434701
ranked_mcomisiones	0.00868999062762555	0.0106265847747627	0.0171090065863829
Master_status	0.00843639195233556	0.0134280681958918	0.0024942515296777
cdescubierto_preacordado	0.00818952226471556	0.0171835886590382	0.00319575977239955
cociente_fe_06	0.0077821091706671	0.0127062445638722	0.017303869987139
Master_Fvencimiento	0.00734109566391919	0.0115640929273991	0.0182002416306169
cociente_fe_03	0.00732904602703718	0.0100266621823071	0.0168361978253244
Visa_fechaalta	0.00731704326852132	0.0162205608388979	0.0189796952336412
mrentabilidad	0.00725479989624783	0.013982746748663	0.01348454733232
ctarjeta_debito_transacciones	0.00712090421533625	0.00631774811441007	0.00623562882419424
cociente_fe_10	0.00690366253956559	0.0110655380436629	0.017849487509256
ccomisiones_mantenimiento	0.00677930067697121	0.0145672914404309	0.00311781441209712
cliente_edad	0.00653991497629723	0.0140306347957629	0.0201878483183289
ranked_mcomisiones_otras	0.00651258997714366	0.00893290587342632	0.013835301453681
prod_fe_01	0.00646335308902388	0.00842690895428294	0.0144588643361004
Visa_Fvencimiento	0.00644587719477265	0.00937085803196064	0.0187068864725827
cociente_fe_05	0.00637538932157585	0.00838002586058305	0.0153552359795783
ranked_Visa_msaldopesos	0.00633633129822546	0.00594183213277238	0.00830118087220858
ccajas_consultas	0.00615653922321992	0.0145501745668427	0.00296192369149226
cociente_fe_09	0.00604807218314714	0.00817368375570324	0.0133286566117152
Visa_cadelantosefectivo	0.00586131877340586	0.000466949771839165	0.000116918040453642
cociente_fe_01	0.0056887923835973	0.0093305599770783	0.0153162632994271
cociente_fe_16	0.00546760101527257	0.0106886363237955	0.0164074983436611
cociente_fe_14	0.00542364536257366	0.0100076026550146	0.0187068864725827
cociente_fe_08	0.00529020514923873	0.00641818196585914	0.0141860555750419
cliente_antiguedad	0.0050185335164402	0.00821465242002454	0.0162516076230562
cociente_fe_15	0.00501088887159232	0.00616166713014618	0.0136014653727737
Visa_mpagospesos	0.00500995450701668	0.00872390823202889	0.0150824272185198
cociente_fe_12	0.00490578710145916	0.00850383304502796	0.0151993452589735
ccaja_seguridad	0.00483429904211654	0.0192346812546548	0.00276706029073619
cociente_fe_07	0.00476280040675694	0.00984713869043477	0.0151993452589735
cproductos	0.004728889978007	0.0109984713352155	0.00911960715538408
numero_de_cliente	0.00467748144478241	0.00713267308894146	0.0154331813398807
Master_mlimitecompra	0.00445854648949833	0.00884119378771781	0.0164074983436611
Visa_mfinanciacion_limite	0.00437398240116238	0.0087872683341503	0.0164074983436611
visa_fe_suma_all	0.00430215866368812	0.00880043456875137	0.0167192797848708
mttarjeta_visa_debitos_automaticos	0.00414965840951183	0.00603327712761552	0.00658638294555517
ranked_chomebanking_transacciones	0.00402858110193329	0.00771794987869281	0.0114969406446081
ranked_mcuenta_debitos_automaticos	0.00383987461666194	0.01129372587551	0.00518336646011146
ranked_Visa_mconsumototal	0.00330647002445903	0.00474515552942241	0.0097431700378035
mautoservicio	0.00329311001499249	0.00940577583919513	0.00720994582797459
ranked_Visa_mconsumospesos	0.00325349981878913	0.00612604604768343	0.0103667329202229
ccallcenter_transacciones	0.00316983204983929	0.017291412664935	0.00385829533497019
ctransferencias_recibidas	0.00316037259164363	0.00877714193947025	0.00767761798978916
ranked_ccomisiones_otras	0.00305155276764845	0.00589122129605935	0.00670330098600881
ctarjeta_visa	0.00298933542564749	0.00369914891841621	0.00128609844499006
Master_msaldototal	0.00291665411547543	0.00567262567716157	0.0075217272691843
Visa_mlimitecompra	0.00290959269114557	0.0069930133891056	0.0112241318835496
internet	0.00257347471527166	0.0104160326260984	0.00288397833118984
mtransferencias_emitidas	0.00256977092583331	0.00737881941883022	0.00662535562570638
mtransferencias_recibidas	0.00254988015039367	0.00985972078386265	0.00654741026540395
ranked_ccuenta_debitos_automaticos	0.00231728177505438	0.00454010276246106	0.00265014225028255
mtarjeta_master_consumo	0.00224741617177357	0.00311092260004364	0.0022214427686192
tmobile_app	0.00223302897221433	0.0159171878892063	0.00237733348922405
thomebanking	0.0020800967060255	0.00809201543944304	0.00229938812892163
ranked_Master_mfinanciacion_limite	0.00191501908718204	0.0028310171376817	0.00631357418449667
master_fe_suma_all	0.00189686136046452	0.00512785254461339	0.00510542109980903
mextraccion_autoservicio	0.00189451457579449	0.00435918617075133	0.00459877625784325
Master_mconsumospesos	0.00189323286463335	0.0035660185334044	0.00537822986086753
ranked_mcaja_ahorro_dolares	0.00188311280892906	0.00371862349338438	0.00615768346389181
cmobile_app_trx	0.00187699426886254	0.00653432229740587	0.00296192369149226
Master_msaldopesos	0.00186033545824724	0.00398031489594137	0.00471569429829689
ccajas_transacciones	0.00180745902412046	0.00341020464000589	0.00128609844499006
tcallcenter	0.00178892153472055	0.00487820136768547	0.0016758252465022
Visa_mconsumosdolares	0.00164059753929224	0.00576297348578795	0.00506644841965782
cextraccion_autoservicio	0.00163796202797723	0.00351587462532652	0.00311781441209712
Master_mpagospesos	0.00161783471994738	0.00406746722176834	0.00381932265481897
ctransferencias_emitidas	0.00149240586115182	0.00366669833903166	0.00459877625784325
ctarjeta_debito	0.00134144029974843	0.00250983941130975	0.00339062317315562
mpagomiscuentas	0.00126600088655582	0.002722753104388	0.0044428855372384
Master_mconsumototal	0.00125480172685797	0.00228748338360954	0.00342959585330683
ctarjeta_visa_debitos_automaticos	0.00122017336637922	0.0035681437312253	0.00296192369149226
Master_cconsumos	0.00121240398932092	0.00166184705043132	0.00229938812892163
tarjetas_fe_suma_all	0.00117334378355821	0.00288203917903639	0.0041700767761799
Master_mpagominimo	0.00103793268392378	0.00263337181882121	0.00405315873572626
ccaja_ahorro	0.00103329344061333	0.00650764011210661	0.00214349740831677
catm_trx	0.000918796042625177	0.00214954151998694	0.00257219688998012
cpagomiscuentas	0.000883413060864921	0.00338861063176788	0.00350754121360926
ctarjeta_master_transacciones	0.000827657727921043	0.00135241555758482	0.00144198916559492
matm_other	0.000816635933890569	0.00532975978821777	0.00265014225028255
Visa_msaldodolares	0.000713935833937348	0.00390874415160596	0.00265014225028255
matm	0.000560291610153848	0.00190418877662624	0.00311781441209712
ctarjeta_master	0.000489908309332011	0.000651770886127614	0.00077945360302428
ranked_Visa_mpagado	0.000476103115378091	0.00169592323321232	0.00151993452589735
cseguro_vida	0.000450545999792618	0.00270355522787029	0.000818426283175494
ranked_Visa_fultimo_cierre	0.00042407790676447	0.00145022461678855	0.00175377060680463
Visa_madelantopesos	0.000412113712793377	0.000774557745036447	0.00019486340075607
ranked_Master_fultimo_cierre	0.000320049314806311	0.000576139976335096	0.000896371643477922
catm_trx_other	0.000280791399742133	0.00116714672983139	0.00105226236408278
Master_mconsumosdolares	0.000269170430149451	0.000189826666117958	0.00038972680151214
ranked_Visa_mpagosdolares	0.000218865468138808	0.000526145946584544	0.00077945360302428
cseguro_vivienda	0.000214644449780137	0.000756524307831092	0.000545617522116996
mttarjeta_master_debitos_automaticos	0.000214584311856544	0.000657942798786495	0.000935344323629136
Visa_delinquency	0.000189041786533073	0.000786997646205064	0.000506644841965782
mplazo_fijo_dolares	0.000174982085494021	0.00126248663966816	0.00101328968393156
Master_cadelantosefectivo	0.000153029059523828	4.84433655177634e-05	7.7945360302428e-05
mcheques_depositados	0.000142744318580567	0.00114069512657418	0.000350754121360926
ccajas_depositos	0.000138270833169877	0.000922303188480215	0.000311781441209712
Master_madelantopesos	0.000133387039643288	5.72592855921555e-05	7.7945360302428e-05
Master_mpagado	0.000122408041239137	0.000516505695709822	0.00058459020226821
mtarjeta_visa_descuentos	0.000106159048348383	0.000414100367801223	0.000350754121360926
ccheques_depositados	9.26226917032599e-05	0.00106316191493475	0.000311781441209712
Master_mpagosdolares	7.20507979425925e-05	0.000150981278100541	0.000272808761058498
mcaja_ahorro_adicional	6.91189799552587e-05	0.0011176542160223	0.000350754121360926
ranked_ccajas_otras	6.67707242384826e-05	0.000393021326123786	0.000116918040453642
ccajas_extracciones	4.73174980895869e-05	8.24715103733452e-06	3.8972680151214e-05
Master_msaldodolares	4.56963723716142e-05	0.000123271081197139	0.000116918040453642
ctarjeta_master_debitos_automaticos	3.21761047047539e-05	0.00022910439546422	0.00019486340075607
ccajeros_propios_descuentos	3.21649284246527e-05	0.000309934930304973	0.00019486340075607
minversion2	2.80109238021258e-05	0.000204718423000377	7.7945360302428e-05
ctarjeta_visa_descuentos	2.61770150467181e-05	0.000142614993008147	7.7945360302428e-05
mcheques_emitidos	2.55236497018191e-05	0.000322864818312947	0.000116918040453642
cplazo_fijo	2.30114830470947e-05	0.000121616655045428	0.000116918040453642
Master_delinquency	1.78337599232341e-05	6.66574253227247e-06	3.8972680151214e-05
active_quarter	1.12057652869692e-05	5.65175800235601e-05	3.8972680151214e-05
cinversion1	9.78544289168351e-06	4.76209562344505e-05	3.8972680151214e-05
Master_madelantodolares	9.65445910924973e-06	1.32719180370153e-05	7.7945360302428e-05
mforex_sell	9.32893651970266e-06	0.000129821532708386	3.8972680151214e-05
mcajeros_propios_descuentos	4.20120509245823e-06	0.000236713602851882	7.7945360302428e-05
mtarjeta_master_descuentos	3.75067635573129e-06	7.0093097749275e-05	3.8972680151214e-05
cseguro_accidentes_personales	2.39011197980448e-06	1.33257205134937e-05	3.8972680151214e-05
