Feature	Gain	Cover	Frequency
vabs_fe_01	0.267804530940559	0.0157368733126775	0.0106622849057465
pesos_fe_suma_menos_tarjetas	0.0787926821315235	0.00994335439824254	0.00804235702222831
ctrx_quarter	0.0531684562359848	0.015441291398096	0.0123054452508102
ranked_mtarjeta_visa_consumo	0.0383062178881999	0.0137405490290395	0.00952120133278561
cpayroll_trx	0.0358371621054246	0.0154511964547694	0.00380665479939751
ranked_mcuentas_saldo	0.0322022443941645	0.0257546321499229	0.0184672965447989
mpayroll	0.0293836492153148	0.0221894055574134	0.00579670455064129
ranked_mpasivos_margen	0.0187218141625138	0.00830554820550516	0.0133734994751016
mprestamos_personales	0.0163740849632946	0.0225130358071253	0.00670044274042631
mrentabilidad_annual	0.0157215634247832	0.019484311825407	0.0183668811903784
suma_fe_01	0.0153957630445779	0.00687653720797803	0.00836186042265736
ctarjeta_visa_transacciones	0.015130457875496	0.00613820227574887	0.00743073622712127
ranked_mcaja_ahorro	0.0145686073605883	0.00596541290736571	0.00959423068145511
mactivos_margen	0.0132304531941297	0.0183545656799469	0.0201743575699484
mcomisiones_mantenimiento	0.0128407252357784	0.0216597364213701	0.00904651056643388
ranked_mcuenta_corriente	0.0120298542051057	0.0177444712121618	0.0203295449358711
Visa_mpagominimo	0.0116622384020001	0.0168538303384637	0.016102971381624
Visa_status	0.0115383901706729	0.0324388560892671	0.00429960290291661
Master_fechaalta	0.00960974047290413	0.0128790443195579	0.0252316399653111
mrentabilidad	0.0088802103341483	0.0113833396392969	0.0136838742069469
cdescubierto_preacordado	0.00829243362475097	0.0276215486363929	0.00549545848737962
Visa_fechaalta	0.00829062920287447	0.00959342927984045	0.0221461499840248
cliente_edad	0.00827617185050666	0.0195801915677438	0.0284814459811037
Visa_msaldototal	0.00802045610936355	0.0114923912153711	0.0135834588525264
cociente_fe_11	0.00791150510471899	0.00492273640456745	0.011931169838879
ccaja_seguridad	0.00679752260887339	0.0221110878945258	0.00342325071888265
cociente_fe_13	0.00661955028702474	0.0144685874177164	0.0180108631156146
ccajas_consultas	0.00652526015419806	0.0200938371568054	0.00598840659089872
Visa_Fvencimiento	0.00624317811058887	0.0103109545460897	0.0229494728193893
numero_de_cliente	0.00622451925342395	0.0130783994173008	0.0227851567848829
cprestamos_personales	0.00611320480252296	0.012636037338231	0.00554110183029805
Master_Fvencimiento	0.00599123037787673	0.00887216185960303	0.0196814094664293
cociente_fe_02	0.00593163237709469	0.011117257960763	0.0184216532018805
cociente_fe_08	0.00572643785295455	0.00740543378798183	0.0162946734218814
cliente_antiguedad	0.00562577129669532	0.00927032485074021	0.0211693824455703
cociente_fe_10	0.00556843830618317	0.0120995286961294	0.0157013099639418
cociente_fe_01	0.00531506940767986	0.00788163151871608	0.0139120909215391
cproductos	0.00511190765665527	0.0166497094088577	0.0106348988999954
cociente_fe_03	0.00501742729742272	0.0123297909701594	0.0175087863435118
cociente_fe_16	0.00497805958568894	0.00924521650530722	0.015664795289607
ranked_mcomisiones	0.00482370424468327	0.00549177464546909	0.0100324067734721
Master_mlimitecompra	0.00459015051328633	0.00882430341112579	0.0175453010178465
ranked_chomebanking_transacciones	0.00455899872567357	0.00767932601355768	0.0111552330092656
prod_fe_01	0.00452921684347554	0.00539582362400868	0.0107444429229997
cociente_fe_15	0.00452282910351544	0.00535731315843902	0.0158656259984481
Visa_mfinanciacion_limite	0.00449443862296209	0.00869277588248264	0.0178009037381898
ranked_mcuenta_debitos_automaticos	0.00430233325737875	0.0084365548482452	0.00633529599707883
cociente_fe_12	0.00429692243048181	0.0090784260976251	0.0134374001551874
cociente_fe_14	0.00427273307040651	0.00941901200593482	0.0164498607878041
ranked_ccomisiones_otras	0.00410728661626215	0.0106638690012747	0.00889132320051121
cociente_fe_05	0.00397432386631326	0.00669995524191925	0.0151444611803368
ranked_mcomisiones_otras	0.00395419075173937	0.00620006323390374	0.0109544023004245
cociente_fe_06	0.00393066056351851	0.00945049928462764	0.0138025468985348
internet	0.00383404060407052	0.00367622847506515	0.00343237938746634
Master_status	0.00380719810374855	0.0169141916935186	0.00235519649459126
Visa_mpagospesos	0.00346607187963781	0.00726075526103741	0.0144598110365603
cociente_fe_09	0.00327259175138673	0.00672766692026591	0.0121685152220549
cociente_fe_07	0.00293872675577516	0.0072142374083845	0.00984070473321466
mtransferencias_recibidas	0.00283487353675899	0.00870047402782972	0.00596102058514766
visa_fe_suma_all	0.00280395291313554	0.00545423247937827	0.0129079373773335
Visa_cconsumos	0.0027393816546962	0.00755431942812057	0.0112647770322698
master_fe_suma_all	0.00273355826943612	0.00730339662596924	0.00864484914875166
mautoservicio	0.00254055149178398	0.0068432591783804	0.00676434342051212
ccallcenter_transacciones	0.0024635838817005	0.0200653457945069	0.00544068647587749
ranked_Visa_mconsumospesos	0.00243007456726799	0.00595037520549326	0.00704733214660642
thomebanking	0.00234402970764481	0.00456580290341419	0.00228216714592177
ranked_Visa_msaldopesos	0.00231479797774665	0.00545588122033687	0.00584234789355972
ccomisiones_mantenimiento	0.00229925526269286	0.0115657522376648	0.0024738691861792
ctarjeta_visa	0.00222052139865238	0.00190372338098607	0.000584234789355972
tcallcenter	0.00213518085560555	0.00678569909288241	0.0017618330366516
cmobile_app_trx	0.00210613857744189	0.00448322165233436	0.00224565247158702
Visa_mlimitecompra	0.00207775138014499	0.00463842317112361	0.00770459628463189
tmobile_app	0.00205634550356749	0.019885587521041	0.00320416267287416
cociente_fe_04	0.00202091044809043	0.00380822205951635	0.00866310648591903
ctransferencias_recibidas	0.00201404346574346	0.00769900069656975	0.00644484002008307
Visa_mconsumosdolares	0.00196857541605834	0.00816506308423128	0.00679172942626318
mttarjeta_visa_debitos_automaticos	0.00191405408421929	0.00435707295601705	0.00612533661965402
Master_mpagospesos	0.00188373177044877	0.00613659849546822	0.00715687616961066
ranked_mcaja_ahorro_dolares	0.0018105051597876	0.00319043876750028	0.00668218540325893
Master_mconsumospesos	0.00180493620689997	0.0040335244031468	0.00555935916746543
mtarjeta_master_consumo	0.00177485840378214	0.00237722566424693	0.00303071796978411
ctarjeta_debito_transacciones	0.00171385737865161	0.00424829772362196	0.00540417180154275
Master_mpagominimo	0.00164507630588805	0.00259320963322112	0.00398009950248756
tarjetas_fe_suma_all	0.00160410629479322	0.0044570753732018	0.00544981514446118
ranked_ccuenta_debitos_automaticos	0.00158462645371728	0.00228043300082728	0.00293943128394724
ccaja_ahorro	0.00151257612361262	0.00663575852171462	0.00276598658085718
Master_msaldototal	0.00150603512533196	0.00295120354841294	0.00446391893742298
ctarjeta_debito	0.00136071166076339	0.00329762447543945	0.00303984663836779
ranked_Master_mfinanciacion_limite	0.00135952946712175	0.00294740272622306	0.00468300698343147
mtransferencias_emitidas	0.00133569672348207	0.00751177620905891	0.00528549910995481
cextraccion_autoservicio	0.00128649563081953	0.0040193771420182	0.00322242001004154
mpagomiscuentas	0.00125462785978411	0.0029737880645701	0.00385229814231594
Master_msaldopesos	0.00122465852757185	0.00206487944809934	0.00420831621707974
ccajas_transacciones	0.00113552531808274	0.00129819845332362	0.000912866858368707
ctarjeta_master	0.00104466895705495	0.00058425194737924	0.00037427541193117
ctransferencias_emitidas	0.0010230695162121	0.00400873462056613	0.00398922817107125
cpagomiscuentas	0.000923007179621097	0.00304870023025323	0.00356018074763796
ranked_Visa_mconsumototal	0.000908981686396786	0.00189257368115466	0.00278424391802456
ctarjeta_visa_debitos_automaticos	0.000891283032583007	0.00272844861099921	0.00270208590077137
Visa_msaldodolares	0.000885232495657629	0.00379247101810711	0.00272947190652243
mextraccion_autoservicio	0.000864141087449513	0.00311430443899817	0.0032498060157926
Master_cconsumos	0.000836846001376048	0.00198097898493226	0.00227303847733808
Master_mconsumototal	0.000767462654166171	0.00155606110060729	0.00217262312291752
cseguro_vida	0.000756943090131761	0.00195121446782638	0.00122324159021407
ctarjeta_master_transacciones	0.00073510052104475	0.0018932009374422	0.00194440640832535
matm_other	0.000727776172042009	0.00338340615916821	0.00291204527819618
mplazo_fijo_dolares	0.00062758167301056	0.00200320271906389	0.00186224839107216
tcuentas	0.000611668650268398	0.000120781378311418	0.000164316034506367
ranked_Visa_mpagado	0.000609604962349605	0.0016462472858726	0.00158838833356155
matm	0.000460554290859984	0.00149711655520892	0.0026107992149345
catm_trx	0.000435287054775291	0.00123474413260617	0.0018348623853211
mtarjeta_visa_descuentos	0.000385787821060582	0.00216768258653999	0.00158838833356155
mttarjeta_master_debitos_automaticos	0.000367332687752601	0.00150123484364923	0.00144232963622256
catm_trx_other	0.000308117395072438	0.00327378435010531	0.00198092108266009
ccajas_depositos	0.000276523576441076	0.00172888720515415	0.0010589255557077
ranked_Visa_Finiciomora	0.000164105115790891	0.00280256299879914	0.000757679492446027
ctarjeta_visa_descuentos	0.000152351543374461	0.00114875573941902	0.000483819434935415
ranked_Master_fultimo_cierre	0.000148199665391591	0.000357357337788118	0.000492948103519102
mcheques_depositados	0.000146524634960534	0.00259377273829744	0.000812451503948149
ranked_Visa_fultimo_cierre	0.000130718057299628	0.000350834201378268	0.000556848783604911
mcajeros_propios_descuentos	0.00010523140199772	0.00332911888204463	0.000949381532703455
ranked_ccajas_otras	9.97246471784629e-05	0.00109689798380776	0.000483819434935415
mcaja_ahorro_adicional	9.92235350503207e-05	0.00109350180771945	0.000511205440686476
ccajeros_propios_descuentos	9.65158899600184e-05	0.00097850610103926	0.000438176092016979
cseguro_vivienda	9.63418147498394e-05	0.000370618544580471	0.000328632069012734
Master_mpagado	8.87144573864998e-05	0.00107331336671662	0.000584234789355972
ccheques_depositados	8.19081108739834e-05	0.00112268238431289	0.000301246063261673
Master_msaldodolares	7.65947677817359e-05	0.00125688726649806	0.000474690766351728
ccajas_extracciones	7.48916816393763e-05	0.000190473170643431	0.000191702040257428
Visa_delinquency	5.7767098652098e-05	0.000908287939794626	0.000228216714592177
mcheques_emitidos	5.52090704943022e-05	0.000331990194306425	0.000255602720343238
Visa_cadelantosefectivo	5.41173740744498e-05	0.000409517755524137	8.21580172531836e-05
ctarjeta_master_debitos_automaticos	5.05538810562045e-05	0.000232656704281474	0.000209959377424803
mpagodeservicios	4.89975832244688e-05	0.000827733757329341	0.000237345383175864
Visa_madelantopesos	4.30999139201052e-05	0.000364661254751689	8.21580172531836e-05
cplazo_fijo	4.03053012291479e-05	0.000120485295798069	0.00015518736592268
Master_cadelantosefectivo	3.61732985013792e-05	1.71382428143797e-05	2.73860057510612e-05
cseguro_accidentes_personales	3.60374580393738e-05	2.30286399271826e-05	8.21580172531836e-05
mforex_buy	3.50577883336776e-05	0.000966732434726012	0.000200830708841116
Master_mconsumosdolares	3.38453953707299e-05	0.000225748660604269	0.000173444703090054
minversion1_pesos	3.03130743136869e-05	0.000204299675715901	0.000136930028755306
ranked_Visa_mpagosdolares	2.67392957436083e-05	0.000254326106152002	0.000136930028755306
cinversion2	2.67131030747827e-05	0.00010705850211862	7.30293486694966e-05
Master_mpagosdolares	2.15896631107246e-05	4.72750562657526e-05	5.47720115021224e-05
minversion2	2.00498111342523e-05	0.000118553631548938	0.000100415354420558
active_quarter	1.74902153024882e-05	2.8576348945831e-05	3.65146743347483e-05
cpagodeservicios	1.4349609198743e-05	0.000263634611391139	7.30293486694966e-05
Master_madelantopesos	1.39908080055244e-05	1.29108424848897e-05	2.73860057510612e-05
ranked_Master_Finiciomora	1.08684204889526e-05	0.000120091615715504	9.12866858368707e-05
Master_delinquency	9.99372826715426e-06	0.000127102191670479	7.30293486694966e-05
ccheques_emitidos	9.1634730403008e-06	5.33052701209705e-05	5.47720115021224e-05
cinversion1	8.47141445240293e-06	5.17727689639116e-05	3.65146743347483e-05
mforex_sell	6.45614241654486e-06	4.39863471637706e-05	2.73860057510612e-05
cseguro_auto	6.05505102139508e-06	3.53248370463968e-05	1.82573371673741e-05
mprestamos_hipotecarios	5.08202853227166e-06	0.000178144623768129	4.56433429184353e-05
mprestamos_prendarios	1.50925440321066e-06	2.22204443259286e-05	2.73860057510612e-05
mtarjeta_master_descuentos	1.18138433336916e-06	1.12352347797119e-05	9.12866858368707e-06
