fecha	cp	minsplit	minbucket	maxdepth	xval_folds	ganancia	iteracion
20220912 001207	-0.166921852162341	641.050063291055	286.908655694599	15	5	22866666.6666667	1
20220912 001223	-0.264007621104247	2424.67048926785	392.056894771347	12	5	21906666.6666667	2
20220912 001239	-0.400980042392621	2025.36832919026	554.087832734935	13	5	22080000	3
20220912 001253	-0.660537808974914	3122.44015619262	178.282451851672	10	5	21373333.3333333	4
20220912 001305	-0.207103987535811	4726.79515216393	621.857197595818	8	5	20773333.3333333	5
20220912 001320	-0.744525041057204	4064.97107091782	940.752905049419	17	5	20600000	6
20220912 001330	-0.0971961448449291	3333.50578852376	634.316805175506	5	5	21426666.6666667	7
20220912 001345	-0.00405700162518763	2700.89174488756	712.058008459557	18	5	21800000	8
20220912 001359	-0.9623905856497	1558.6768566786	466.750266030605	9	5	22466666.6666667	9
20220912 001417	-0.495067265527905	1090.58500455043	49.9227137354173	14	5	22280000	10
20220912 001427	-0.619053177229944	3483.57525599035	795.294559503789	5	5	21893333.3333333	11
20220912 001436	0.0463460026439861	4451.28494394745	86.6543238721642	6	5	-1060000	12
20220912 001453	-0.925310300027195	4001.3734098451	365.156932736063	20	5	20546666.6666667	13
20220912 001507	-0.455060282520329	4796.06523962412	817.259878423298	12	5	21080000	14
20220912 001516	0.0718232147628441	1209.51055556179	22.3609340873081	8	5	-1140000	15
20220912 001533	-0.720315249838556	2974.8946025356	375.695756952511	16	5	21186666.6666667	16
20220912 001552	-0.143166786402228	1824.25422168011	911.320247486425	19	5	22320000	17
20220912 001614	-0.433650367804206	542.200202829637	271.047035410729	20	5	22706666.6666667	18
20220912 001634	-0.167442565836805	1141.58248278711	569.838458212917	18	5	22373333.3333333	19
20220912 001651	-0.0521898131026101	3008.11220560295	998.518893836338	20	5	21280000	20
20220912 001703	-0.520337896801536	611.333328908714	303.914937937623	5	5	22560000	21
20220912 001719	-0.150244487950176	1550.80672472759	773.821038655386	9	5	22386666.6666667	22
20220912 001730	-0.834121917361941	1199.49354219513	599.255874283688	3	5	21106666.6666667	23
20220912 001750	-0.945467125852037	92.5833388600073	46.0456374854303	12	5	17373333.3333333	24
20220912 001804	-0.999784280917579	4082.47041490487	727.854121323007	9	5	20760000	25
20220912 001825	-0.311986088183685	559.110455405243	278.476218132813	15	5	21973333.3333333	26
20220912 001844	-0.511399387171978	2552.90740244627	333.123179520018	14	5	22226666.6666667	27
20220912 001906	-0.178082403995887	729.751267624643	360.921092356609	19	5	22746666.6666667	28
20220912 001924	-0.110215893284992	2602.71016947544	717.905560311598	16	5	21800000	29
20220912 001934	-0.949599532436215	2381.61659235162	999.84618168873	3	5	22226666.6666667	30
20220912 001944	-0.226590999031922	25.3901873461708	8.30938999671443	3	5	20760000	31
20220912 002005	-0.583942965037922	830.640139729529	415.240126186146	20	5	22853333.3333333	32
20220912 002016	-0.596401354821866	27.5840469005837	6.77771398159198	3	5	20586666.6666667	33
20220912 002025	-0.14661100982702	2855.91835637284	993.496959127403	3	5	22173333.3333333	34
20220912 002043	-0.549124108863313	1933.87913418616	966.095974865931	20	5	21960000	35
20220912 002104	-0.58922303611387	4994.4408819097	308.17686885689	20	5	20786666.6666667	36
20220912 002123	-0.642577063859132	1633.49989199801	812.273009501779	20	5	22746666.6666667	37
20220912 002134	-0.450673763520518	905.511138525184	446.794166130862	3	5	21253333.3333333	38
20220912 002159	-0.352990211123436	4284.07117329757	1.53729353742124	20	5	19653333.3333333	39
20220912 002230	-0.140043883461144	151.391408706018	71.4672044191366	20	5	19586666.6666667	40
20220912 002249	-0.189998858439196	2055.71648179642	271.864891187271	14	5	22106666.6666667	41
20220912 002307	-0.97226430927954	1997.1234932491	996.033831605711	20	5	22160000	42
20220912 002330	-0.517496621060277	724.526779262778	361.80166970132	20	5	22800000	43
20220912 002345	-0.910927544569472	2015.02283175025	999.670401728506	8	5	22186666.6666667	44
20220912 002404	-0.610975663039166	1249.98279771868	624.625438964386	11	5	22586666.6666667	45
20220912 002428	-0.547749352665443	422.157419051554	209.424211139464	18	5	21640000	46
20220912 002439	-0.180379549446892	766.951534787611	381.929765573077	3	5	21093333.3333333	47
20220912 002501	-0.226037471320103	591.934945908586	294.938132602957	15	5	23106666.6666667	48
20220912 002511	-0.0194606897552072	1806.15820008064	902.4319497541	3	5	22320000	49
20220912 002530	-0.378219153843615	1818.68130019066	905.678563408638	20	5	22560000	50
20220912 002549	-0.487782373012842	1314.13428004418	657.066534949445	20	5	22653333.3333333	51
20220912 002608	-0.956880775284699	1169.11010406134	584.478599740413	20	5	22533333.3333333	52
20220912 002628	-0.645686603002148	1069.13008468149	533.871659280091	20	5	22400000	53
20220912 002645	-0.415248341384781	24.3526999116259	1.46628638459593	10	5	21106666.6666667	54
20220912 002702	-0.262935893514672	1950.19222381932	973.909886589243	11	5	22453333.3333333	55
20220912 002715	-0.628199124822836	1357.37464437277	391.380611466813	6	5	22533333.3333333	56
20220912 002734	-0.94628233069161	1635.27358917703	816.799176176238	13	5	22720000	57
20220912 002752	-0.0197852316193051	1792.66974554757	894.803839515305	15	5	22386666.6666667	58
20220912 002803	-0.999886885114864	1356.54542628982	675.632721818296	3	5	21880000	59
20220912 002815	-0.689918782530515	1888.12921416339	942.781681869411	5	5	22026666.6666667	60
20220912 002834	-0.480197607133223	745.211512148908	353.050563591402	13	5	22400000	61
20220912 002846	-0.407848671560859	1838.31063169948	918.612199581478	5	5	22400000	62
20220912 002856	-0.511658310247109	3593.4471217512	1.05697934259281	3	5	20093333.3333333	63
20220912 002917	-0.471800170321981	1663.56649864929	296.953076214972	20	5	21906666.6666667	64
20220912 002931	-0.516354656621016	1636.82066235003	815.796130646279	6	5	22626666.6666667	65
20220912 002940	-0.330645142093916	4998.50927219565	999.871563487557	3	5	20786666.6666667	66
20220912 002952	-0.935518727975863	2274.07814044034	619.864740233861	5	5	21800000	67
20220912 003012	-0.535321133743974	969.704703119836	480.651795573004	14	5	22293333.3333333	68
20220912 003030	-0.824174847260932	1672.13128895353	835.253581901095	20	5	22720000	69
20220912 003050	-0.593577226396903	1466.66726884641	732.5153412747	20	5	22360000	70
20220912 003100	-0.247592431667809	1812.21536363079	881.422057185625	3	5	22320000	71
20220912 003116	-0.632916754793067	1997.86970263933	998.399303401248	10	5	22333333.3333333	72
20220912 003134	-0.428730622957786	1834.30699687032	913.386417327318	20	5	22560000	73
20220912 003152	-0.0174638820196605	1627.3144948115	812.547128959721	20	5	22840000	74
20220912 003215	-0.210250603136362	527.061830859302	259.429254736756	20	5	22613333.3333333	75
20220912 003239	-0.999976020994223	1993.18989297962	443.53837305192	20	5	22440000	76
20220912 003254	-0.584076258460948	2246.70370303302	408.01339217532	9	5	22333333.3333333	77
20220912 003305	0.0999125516009082	1791.76615975255	895.219546172365	20	5	-1133333.33333333	78
20220912 003323	-0.866929588039157	1936.09945152248	881.172583200336	20	5	22173333.3333333	79
20220912 003340	-0.796151168233511	1996.74449389725	997.658858687984	11	5	22133333.3333333	80
20220912 003351	-0.087910606274831	1947.03357079016	973.12910148752	3	5	22026666.6666667	81
20220912 003412	-0.250705710037406	472.610972273897	232.158775052026	15	5	22560000	82
20220912 003426	-0.350923583373566	1937.44052691911	959.344560798486	7	5	22120000	83
20220912 003444	-0.176941078242257	2035.75117009033	999.122733007284	14	5	22120000	84
20220912 003501	-0.68309662120705	2442.32275347646	999.932764104827	20	5	22053333.3333333	85
20220912 003518	-0.832217925848002	3137.96613468241	813.724120692603	13	5	21280000	86
20220912 003537	-0.770148716698063	1435.85769151715	717.603932602767	20	5	22480000	87
20220912 003557	-0.209892052928684	634.157541157237	309.120213237586	14	5	23253333.3333333	88
20220912 003616	-0.0273730819520202	2308.38741419495	679.740945759908	20	5	22146666.6666667	89
20220912 003637	-0.390618950361067	666.353515211405	332.992752987235	20	5	23160000	90
20220912 003656	-0.620598216248446	2439.86996322893	390.165401125717	20	5	22360000	91
20220912 003712	-0.143341820435105	4998.92616921109	999.698786230935	19	5	20920000	92
20220912 003729	-0.500673243310261	4117.10824622879	999.471136341413	20	5	20520000	93
20220912 003747	-0.972283647193903	2022.27558858801	620.072916663079	15	5	22213333.3333333	94
20220912 003806	-0.802353907918219	1833.20157976581	397.648142485539	20	5	22253333.3333333	95
20220912 003815	-0.669629618507955	4998.7802219759	634.158178388377	3	5	20600000	96
20220912 003826	-0.282813790004254	3207.67845875279	999.065096585967	4	5	21320000	97
20220912 003847	-0.409278576806578	901.306441535323	442.769964000515	20	5	22413333.3333333	98
20220912 003911	-0.370712718857466	342.917712796305	168.433449188269	20	5	22933333.3333333	99
20220912 003932	-0.379754852792045	625.732939183446	310.322544439554	15	5	23346666.6666667	100
20220912 003948	-0.384711182267833	3322.7430108571	999.584040313615	10	5	21866666.6666667	101
20220912 004003	-0.376709228484041	788.121561292129	322.581505628917	8	5	23573333.3333333	102
20220912 004013	-0.376163425935764	1796.1998740943	247.455842415941	3	5	21693333.3333333	103
20220912 004027	-0.744096270347976	903.559626362243	449.245151096064	7	5	22186666.6666667	104
20220912 004037	-0.778352383860711	4992.0739993001	3.33475587886607	3	5	19653333.3333333	105
20220912 004055	-0.37481804904438	807.206686422721	401.719436130611	10	5	22413333.3333333	106
20220912 004109	-0.384387405578407	760.765746746405	181.977944259521	7	5	22706666.6666667	107
20220912 004126	-0.240267098393313	2830.36339588242	877.001385349631	19	5	21693333.3333333	108
20220912 004140	-0.381696822120539	4997.73001808735	319.915151577726	7	5	20453333.3333333	109
20220912 004155	-0.240134684294094	619.222055724279	309.583882679257	8	5	23453333.3333333	110
20220912 004210	-0.374829268585274	614.508032385738	306.437409177407	7	5	23253333.3333333	111
20220912 004225	-0.375620989930339	1239.15861537343	297.958868077291	8	5	22800000	112
20220912 004238	-0.0594865718763563	4998.08106099329	998.865725984657	3	5	20893333.3333333	113
20220912 004253	-0.238085617750443	2405.75359723696	815.52304701819	8	5	22053333.3333333	114
20220912 004302	-0.999414140123841	4998.35340706119	2.10979062923597	3	5	19680000	115
20220912 004329	-0.6105446868175	912.958387136021	2.36275733852085	20	5	20440000	116
