Feature	Gain	Cover	Frequency
pesos_fe_suma_menos_tarjetas	0.229800512464967	0.041756841900057	0.0330863887493722
ctrx_quarter	0.096389594291109	0.0198095348177361	0.0179401054746359
cpayroll_trx	0.0448555928266737	0.0251656373788694	0.00652938221998995
mpayroll	0.0407847004690359	0.0429692459265935	0.0190858864892014
mcaja_ahorro	0.0386840984600488	0.018321314736686	0.0255053992968358
mpasivos_margen	0.0294290496098299	0.0127064359586537	0.0163862380713209
mtarjeta_visa_consumo	0.0277848354233452	0.017310797516332	0.0182383224510296
mcuentas_saldo	0.0259706757752058	0.0236540076034062	0.0307634354595681
mprestamos_personales	0.0255213535557691	0.0277539273359935	0.0121955047714716
mrentabilidad_annual	0.0239291878901894	0.0285300727356376	0.024171270718232
cociente_fe_01	0.02303815194946	0.0208132253088041	0.0232295328980412
ctarjeta_visa_transacciones	0.0192482031680419	0.0152302071110615	0.0164333249623305
mcomisiones_mantenimiento	0.0179994700297664	0.0220187486348542	0.0137807634354596
Visa_mpagominimo	0.0134391204548575	0.0175589771783501	0.0238259668508287
mcuenta_corriente	0.0130741190279234	0.0107227288787841	0.0175948016072325
mactivos_margen	0.0123198711639389	0.0151885062002696	0.0204200150678051
mrentabilidad	0.0122734157506818	0.0149685082909005	0.0182697137117027
Visa_status	0.0117912424455518	0.0269021720499388	0.00549347061778001
Visa_msaldopesos	0.0116434240580218	0.013652080423628	0.0183795831240583
Master_status	0.0108850415842484	0.014829843097907	0.00326469110999498
ccomisiones_otras	0.0104721031722406	0.0138641514698226	0.014251632345555
Visa_msaldototal	0.0103688836029808	0.0141969931181981	0.0162763686589653
cdescubierto_preacordado	0.0100175309968779	0.014618107802785	0.00506968859869412
cprestamos_personales	0.00978644230017841	0.0117302168086193	0.00674912104470116
Visa_fechaalta	0.00839311621509407	0.0185174705544662	0.0180185836263184
cociente_fe_03	0.00822974245674451	0.0123349503031774	0.0224761426418885
Master_fechaalta	0.00760963581733717	0.016682853267716	0.0210164490205927
cliente_edad	0.00745199053906597	0.0132232202442032	0.0217855349070819
ccajas_consultas	0.00709638875893638	0.0157311163328108	0.00431629834254144
ctarjeta_debito_transacciones	0.00699795496886944	0.0112083893536874	0.0148951531893521
mautoservicio	0.00679945609493328	0.015910951510601	0.0206711451531894
ctarjeta_master	0.00656027416331247	0.00190245532029471	0.00144399799095932
ccomisiones_mantenimiento	0.00651478898705645	0.0164937952903682	0.00588586137619287
mcomisiones	0.0063652593994425	0.00974762115893595	0.0150364138623807
ccaja_seguridad	0.00616630143658645	0.0207347587142018	0.00447325464590658
cproductos	0.00593941632199268	0.0104336723081392	0.0107515067805123
cociente_fe_02	0.00571423693380941	0.00840142817461025	0.0155229784028127
Master_Fvencimiento	0.00557997818971258	0.00878832323538971	0.0154445002511301
ctarjeta_visa	0.00541248405599819	0.00361139188076652	0.0018677800100452
mcomisiones_otras	0.00523982662302956	0.00928829423685198	0.0138278503264691
Visa_Fvencimiento	0.00512713908503769	0.00731722018332241	0.0147538925163235
chomebanking_transacciones	0.00512526240870418	0.00567445356975765	0.0129802862882973
Visa_mconsumospesos	0.00483769075058326	0.0105140297774739	0.0172494977398292
numero_de_cliente	0.00448993564637381	0.00825179678676998	0.015381717729784
cliente_antiguedad	0.00448146459284235	0.00818062195237849	0.0139377197388247
mtransferencias_recibidas	0.00417217159929995	0.0080070970120373	0.014832370668006
Master_mfinanciacion_limite	0.00407632064603697	0.00585495836697682	0.0130901557006529
mcuenta_debitos_automaticos	0.0037933315431771	0.0110241680745018	0.0089935961828227
Visa_cconsumos	0.00356174385498334	0.00598165764277086	0.0109084630838774
thomebanking	0.00355080753363516	0.00254282110345356	0.00389251632345555
ccallcenter_transacciones	0.00341921959955552	0.0175958313498263	0.00488134103465595
Visa_mpagospesos	0.00333707183282535	0.00687420762550745	0.013702285283777
visa_fe_suma_all	0.0033290512790228	0.00667412257881939	0.0119914615770969
Visa_mfinanciacion_limite	0.00317382269289111	0.00562351354253364	0.0105945504771472
ctransferencias_recibidas	0.00283954833105489	0.00838833074491744	0.0108613761928679
mtransferencias_emitidas	0.00283199702618209	0.00932395351105299	0.012603591160221
internet	0.00281233614438672	0.0150511745979851	0.00373556002009041
Master_mlimitecompra	0.00279731532551844	0.00430394091147624	0.00916624811652436
active_quarter	0.00276052803703658	0.000398980844249712	0.000392390758412858
mttarjeta_visa_debitos_automaticos	0.00272626379114825	0.00404402376850249	0.00916624811652436
cmobile_app_trx	0.00253866674931934	0.00375716683806236	0.00470868910095429
Visa_mconsumototal	0.00250496447271996	0.00550488609906873	0.00929181315921647
master_fe_suma_all	0.00222641788783092	0.00488950898172244	0.00506968859869412
tmobile_app	0.00217195712948647	0.016238724259138	0.00258977900552486
cextraccion_autoservicio	0.00210816241320085	0.0115707400697	0.0115990708186841
mextraccion_autoservicio	0.00205985655521462	0.0109482042374277	0.0132628076343546
mcaja_ahorro_dolares	0.00204947278877768	0.00374782793766664	0.00816172777498744
Visa_mlimitecompra	0.00199604606696185	0.00348923999239722	0.00711012054244099
Master_mconsumospesos	0.00183598217700937	0.00405959759769543	0.00469299347061778
mtarjeta_master_consumo	0.00182509615241359	0.00392162587187062	0.00290369161225515
Visa_mconsumosdolares	0.00177224870683557	0.00852431934291143	0.0069060773480663
Master_mpagominimo	0.00166971046986618	0.00236010474215976	0.00393960321446509
ctransferencias_emitidas	0.00160133155263149	0.00358945384292409	0.00599573078854847
tcallcenter	0.00156866302184287	0.00462235216702199	0.002197388247112
ccaja_ahorro	0.00156166281077702	0.00795204262213643	0.00299786539427423
ccuenta_debitos_automaticos	0.00149815942022525	0.0032543598382876	0.00466160220994475
Master_msaldopesos	0.00147827765245868	0.00442200354005262	0.00481855851330989
ccajas_transacciones	0.0014109172121051	0.0019469708919478	0.000988824711200402
Master_msaldototal	0.00125936819459698	0.00555577278266438	0.00484994977398292
ctarjeta_visa_debitos_automaticos	0.001187941740183	0.00283142017403873	0.00403377699648418
ctarjeta_debito	0.00116500398488163	0.00150558813887228	0.00301356102461075
Master_mpagospesos	0.00113721362196761	0.00673517467526431	0.00428490708186841
mpagomiscuentas	0.00106813786189093	0.0030185922972309	0.00579168759417378
Master_mconsumototal	0.00101746535318999	0.00224173899625987	0.00246421396283275
ctarjeta_master_transacciones	0.000992464046957824	0.00105106590877336	0.00103591160220994
matm	0.000843852199215584	0.0049097130378571	0.00750251130085384
pesos_fe_suma_all	0.000781647469656762	0.00194789091264399	0.00321760421898544
tarjetas_fe_suma_all	0.00076976929478423	0.00157141919684622	0.0024171270718232
cpagomiscuentas	0.000762638085045105	0.0021972152661695	0.00331177800100452
Master_cconsumos	0.000680517564820918	0.00110129991738672	0.0018677800100452
matm_other	0.000667149840483549	0.00346414714961632	0.00304495228528378
Visa_msaldodolares	0.00066629410265745	0.00572879189989429	0.00323329984932195
catm_trx	0.000621928193274447	0.00441448083330956	0.00585447011551984
Visa_fultimo_cierre	0.000517843548867851	0.00144269851132336	0.00188347564038172
Master_fultimo_cierre	0.000493269498388394	0.00110094220129066	0.00207182320441989
Visa_mpagosdolares	0.000307994945290854	0.000975866454515082	0.0012085635359116
Visa_mpagado	0.000277963535947155	0.00228682189308987	0.00080047714716223
catm_trx_other	0.000184289328437995	0.00159133645253192	0.00204043194374686
cseguro_vida	0.000178945370226997	0.00111013613253165	0.000423782019085887
Master_mconsumosdolares	0.000158723245948261	0.000172207038934633	0.000439477649422401
Master_mpagosdolares	0.00015500774356015	9.98724513053708e-05	0.000251130085384229
Visa_cadelantosefectivo	0.000145789572942793	0.00130541523209045	0.000533651431441487
Master_madelantopesos	0.000140130576600472	0.000139482919437663	0.000251130085384229
Master_mpagado	0.00012547847564892	0.000382253537539981	0.000313912606730286
Visa_madelantopesos	0.000111338485343747	0.00102501413582618	0.000612129583124058
Master_msaldodolares	0.000105149705464283	0.000606129842476925	0.000376695128076344
cseguro_vivienda	0.000100326321337146	0.000352268142680261	0.000439477649422401
Visa_delinquency	8.74626766635336e-05	0.000828938019702457	0.000470868910095429
mttarjeta_master_debitos_automaticos	8.4294169428452e-05	0.00036423908045651	0.000345303867403315
ccajas_extracciones	7.86157234661046e-05	0.000998354245515675	0.000235434455047715
Master_cadelantosefectivo	7.7861599631008e-05	9.76458255003837e-05	0.000125565042692115
Visa_madelantodolares	7.7207764511105e-05	0.000250615896903937	0.0002197388247112
mplazo_fijo_dolares	7.53497704879813e-05	0.000793460113837876	0.000439477649422401
mcaja_ahorro_adicional	3.47455244370085e-05	0.000178694251715397	6.27825213460573e-05
ctarjeta_visa_descuentos	3.02437091735171e-05	0.000125098339371116	7.84781516825716e-05
cseguro_accidentes_personales	2.53236350825419e-05	6.90203793778139e-05	0.000125565042692115
ccajas_depositos	2.37945614725382e-05	0.000261858851046086	6.27825213460573e-05
ctarjeta_master_debitos_automaticos	2.06050050209387e-05	8.93436742111575e-05	7.84781516825716e-05
ccheques_depositados	1.36677845885112e-05	0.000225840605604816	4.70868910095429e-05
Master_delinquency	1.11709721537453e-05	1.50767920910402e-05	4.70868910095429e-05
mtarjeta_visa_descuentos	1.02084658497257e-05	9.13324501908656e-05	6.27825213460573e-05
mcheques_depositados	1.01418255050089e-05	0.000168988849214234	3.13912606730286e-05
ccajeros_propios_descuentos	7.6455765004989e-06	0.000366795809185235	0.000282521346057258
Master_madelantodolares	5.34740233653547e-06	6.45708932004298e-06	3.13912606730286e-05
mcajeros_propios_descuentos	2.06106096679781e-06	0.000358761631182009	0.000235434455047715
cforex	1.8695440632369e-06	7.64389091525469e-05	3.13912606730286e-05
mforex_sell	6.54928213745997e-07	5.92760674065526e-05	3.13912606730286e-05
