fecha	cols	rows	boosting	objective	metric	first_metric_only	boost_from_average	feature_pre_filter	force_row_wise	verbosity	max_depth	min_gain_to_split	min_sum_hessian_in_leaf	lambda_l1	lambda_l2	max_bin	num_iterations	bagging_fraction	pos_bagging_fraction	neg_bagging_fraction	drop_rate	max_drop	skip_drop	extra_trees	seed	learning_rate	feature_fraction	coverage	leaf_size_log	prob_corte	estimulos	ganancia	iteracion_bayesiana
20221115 180300	431	4061674	gbdt	binary	custom	TRUE	TRUE	FALSE	TRUE	-100	-1	0	0.001	0	0	31	402	1	1	1	0.1	50	0.5	FALSE	763369	0.193714499	0.782143674	0.916587466	4.682136653	0.025010314	15986	47148000	5
20221116 025233	431	4061674	gbdt	binary	custom	TRUE	TRUE	FALSE	TRUE	-100	-1	0	0.001	0	0	31	344	1	1	1	0.1	50	0.5	FALSE	763369	0.165009101	0.73170132	0.873731291	4.636233778	0.025093475	15979	46762000	26
20221115 193905	431	4061674	gbdt	binary	custom	TRUE	TRUE	FALSE	TRUE	-100	-1	0	0.001	0	0	31	268	1	1	1	0.1	50	0.5	FALSE	763369	0.163124828	0.571741168	0.663042638	5.3715265	0.023973616	16834	46652000	8
20221116 054351	431	4061674	gbdt	binary	custom	TRUE	TRUE	FALSE	TRUE	-100	-1	0	0.001	0	0	31	561	1	1	1	0.1	50	0.5	FALSE	763369	0.183021788	0.799443759	0.907720885	4.565677058	0.022452564	17400	46640000	35
20221116 200333	431	4061674	gbdt	binary	custom	TRUE	TRUE	FALSE	TRUE	-100	-1	0	0.001	0	0	31	192	1	1	1	0.1	50	0.5	FALSE	763369	0.258110133	0.622079652	0.701117131	5.339236039	0.024618471	16017	46606000	64
20221116 052200	431	4061674	gbdt	binary	custom	TRUE	TRUE	FALSE	TRUE	-100	-1	0	0.001	0	0	31	133	1	1	1	0.1	50	0.5	FALSE	763369	0.142393104	0.417715013	0.647515014	5.833690161	0.023930195	16184	46592000	33
20221116 033817	431	4061674	gbdt	binary	custom	TRUE	TRUE	FALSE	TRUE	-100	-1	0	0.001	0	0	31	185	1	1	1	0.1	50	0.5	FALSE	763369	0.176081836	0.461813065	0.666655621	5.945283258	0.022894702	16990	46260000	29
20221116 075512	431	4061674	gbdt	binary	custom	TRUE	TRUE	FALSE	TRUE	-100	-1	0	0.001	0	0	31	1597	1	1	1	0.1	50	0.5	FALSE	763369	0.116550536	0.421116987	0.646439231	5.813602264	0.023828613	15711	46098000	41
20221116 065047	431	4061674	gbdt	binary	custom	TRUE	TRUE	FALSE	TRUE	-100	-1	0	0.001	0	0	31	183	1	1	1	0.1	50	0.5	FALSE	763369	0.16259454	0.469538722	0.587245446	5.662816461	0.022978295	16877	46086000	39
20221116 120050	431	4061674	gbdt	binary	custom	TRUE	TRUE	FALSE	TRUE	-100	-1	0	0.001	0	0	31	1050	1	1	1	0.1	50	0.5	FALSE	763369	0.042250854	0.552761186	0.772093229	11.20242589	0.000291929	14039	46082000	50
20221116 061434	431	4061674	gbdt	binary	custom	TRUE	TRUE	FALSE	TRUE	-100	-1	0	0.001	0	0	31	459	1	1	1	0.1	50	0.5	FALSE	763369	0.163342828	0.47331118	0.622840461	4.811595696	0.025349973	16151	46018000	37
20221115 162025	431	4061674	gbdt	binary	custom	TRUE	TRUE	FALSE	TRUE	-100	-1	0	0.001	0	0	31	919	1	1	1	0.1	50	0.5	FALSE	763369	0.190128859	0.638600891	0.608903314	3.177774877	0.024861669	16543	45954000	2
20221116 015203	431	4061674	gbdt	binary	custom	TRUE	TRUE	FALSE	TRUE	-100	-1	0	0.001	0	0	31	309	1	1	1	0.1	50	0.5	FALSE	763369	0.197156738	0.786677141	0.862431305	3.837153473	0.023290796	16948	45704000	20
20221116 023137	431	4061674	gbdt	binary	custom	TRUE	TRUE	FALSE	TRUE	-100	-1	0	0.001	0	0	31	140	1	1	1	0.1	50	0.5	FALSE	763369	0.194360886	0.771914397	0.834246193	5.272362109	0.021256984	17388	45704000	24
20221116 080614	431	4061674	gbdt	binary	custom	TRUE	TRUE	FALSE	TRUE	-100	-1	0	0.001	0	0	31	360	1	1	1	0.1	50	0.5	FALSE	763369	0.188640134	0.797066735	0.871102988	4.800618668	0.021223509	17996	45448000	42
20221116 202524	431	4061674	gbdt	binary	custom	TRUE	TRUE	FALSE	TRUE	-100	-1	0	0.001	0	0	31	132	1	1	1	0.1	50	0.5	FALSE	763369	0.250252089	0.591598411	0.677594255	6.581543609	0.021430036	16798	45284000	66
20221116 201414	431	4061674	gbdt	binary	custom	TRUE	TRUE	FALSE	TRUE	-100	-1	0	0.001	0	0	31	157	1	1	1	0.1	50	0.5	FALSE	763369	0.091349654	0.247369523	0.527051433	7.598042502	0.019634943	17825	45230000	65
20221116 063751	431	4061674	gbdt	binary	custom	TRUE	TRUE	FALSE	TRUE	-100	-1	0	0.001	0	0	31	417	1	1	1	0.1	50	0.5	FALSE	763369	0.141492778	0.482166653	0.735310821	5.205498242	0.019614717	18751	45218000	38
20221116 160510	431	4061674	gbdt	binary	custom	TRUE	TRUE	FALSE	TRUE	-100	-1	0	0.001	0	0	31	1666	1	1	1	0.1	50	0.5	FALSE	763369	0.063040595	0.289598929	0.882895463	9.149558814	0.001040421	16288	45184000	56
20221116 032517	431	4061674	gbdt	binary	custom	TRUE	TRUE	FALSE	TRUE	-100	-1	0	0.001	0	0	31	508	1	1	1	0.1	50	0.5	FALSE	763369	0.084558598	0.476715667	0.68152637	5.425466686	0.022244199	17641	45118000	28
20221116 055409	431	4061674	gbdt	binary	custom	TRUE	TRUE	FALSE	TRUE	-100	-1	0	0.001	0	0	31	232	1	1	1	0.1	50	0.5	FALSE	763369	0.153031871	0.619123512	0.659827645	6.147443675	0.020755544	17998	45044000	36
20221116 024158	431	4061674	gbdt	binary	custom	TRUE	TRUE	FALSE	TRUE	-100	-1	0	0.001	0	0	31	332	1	1	1	0.1	50	0.5	FALSE	763369	0.197314486	0.751520063	0.998712564	4.66914391	0.020473119	18575	45010000	25
20221115 183959	431	4061674	gbdt	binary	custom	TRUE	TRUE	FALSE	TRUE	-100	-1	0	0.001	0	0	31	715	1	1	1	0.1	50	0.5	FALSE	763369	0.03519895	0.300381357	0.802399102	6.759838009	0.019090412	18292	44936000	6
20221115 203145	431	4061674	gbdt	binary	custom	TRUE	TRUE	FALSE	TRUE	-100	-1	0	0.001	0	0	31	1124	1	1	1	0.1	50	0.5	FALSE	763369	0.073784918	0.407542683	0.202024649	10.17421703	0.006020687	16121	44878000	9
20221116 030129	431	4061674	gbdt	binary	custom	TRUE	TRUE	FALSE	TRUE	-100	-1	0	0.001	0	0	31	261	1	1	1	0.1	50	0.5	FALSE	763369	0.186850313	0.764862374	0.591525399	5.227855738	0.020413796	18450	44860000	27
20221116 041821	431	4061674	gbdt	binary	custom	TRUE	TRUE	FALSE	TRUE	-100	-1	0	0.001	0	0	31	803	1	1	1	0.1	50	0.5	FALSE	763369	0.217928807	0.451580929	0.624588062	3.662928335	0.021782034	17870	44820000	31
20221116 142255	431	4061674	gbdt	binary	custom	TRUE	TRUE	FALSE	TRUE	-100	-1	0	0.001	0	0	31	2095	1	1	1	0.1	50	0.5	FALSE	763369	0.016868946	0.593185147	0.476259148	10.9671144	0.001693742	18061	44678000	53
20221116 052937	431	4061674	gbdt	binary	custom	TRUE	TRUE	FALSE	TRUE	-100	-1	0	0.001	0	0	31	122	1	1	1	0.1	50	0.5	FALSE	763369	0.160777404	0.201338293	0.640890526	5.421643042	0.019090375	18464	44672000	34
20221116 014312	431	4061674	gbdt	binary	custom	TRUE	TRUE	FALSE	TRUE	-100	-1	0	0.001	0	0	31	330	1	1	1	0.1	50	0.5	FALSE	763369	0.185329996	0.699300823	0.711104134	4.432447896	0.021264082	17988	44664000	19
20221116 081939	431	4061674	gbdt	binary	custom	TRUE	TRUE	FALSE	TRUE	-100	-1	0	0.001	0	0	31	411	1	1	1	0.1	50	0.5	FALSE	763369	0.136054289	0.229892607	0.290350013	5.287753127	0.021898735	17765	44630000	43
20221116 022414	431	4061674	gbdt	binary	custom	TRUE	TRUE	FALSE	TRUE	-100	-1	0	0.001	0	0	31	370	1	1	1	0.1	50	0.5	FALSE	763369	0.191826525	0.773326513	0.995992521	3.312958834	0.021167571	18457	44526000	23
20221116 150544	431	4061674	gbdt	binary	custom	TRUE	TRUE	FALSE	TRUE	-100	-1	0	0.001	0	0	31	820	1	1	1	0.1	50	0.5	FALSE	763369	0.230355004	0.475450491	0.897944732	2.531079593	0.026036444	15781	44518000	55
20221116 104228	431	4061674	gbdt	binary	custom	TRUE	TRUE	FALSE	TRUE	-100	-1	0	0.001	0	0	31	705	1	1	1	0.1	50	0.5	FALSE	763369	0.034463402	0.684404517	0.896887399	11.67029432	0.000758951	16354	44492000	48
20221116 021512	431	4061674	gbdt	binary	custom	TRUE	TRUE	FALSE	TRUE	-100	-1	0	0.001	0	0	31	254	1	1	1	0.1	50	0.5	FALSE	763369	0.192552552	0.790878246	0.327273267	4.511766984	0.021234057	17905	44350000	22
20221116 013327	431	4061674	gbdt	binary	custom	TRUE	TRUE	FALSE	TRUE	-100	-1	0	0.001	0	0	31	312	1	1	1	0.1	50	0.5	FALSE	763369	0.193627185	0.746956445	0.627812915	8.603998636	0.009777144	16331	44058000	18
20221116 123848	431	4061674	gbdt	binary	custom	TRUE	TRUE	FALSE	TRUE	-100	-1	0	0.001	0	0	31	642	1	1	1	0.1	50	0.5	FALSE	763369	0.207000264	0.209231471	0.118427144	5.436490238	0.021722881	17562	43996000	52
20221116 011709	431	4061674	gbdt	binary	custom	TRUE	TRUE	FALSE	TRUE	-100	-1	0	0.001	0	0	31	352	1	1	1	0.1	50	0.5	FALSE	763369	0.181662591	0.676892991	0.896686287	5.522754704	0.019001473	18890	43980000	17
20221116 020847	431	4061674	gbdt	binary	custom	TRUE	TRUE	FALSE	TRUE	-100	-1	0	0.001	0	0	31	368	1	1	1	0.1	50	0.5	FALSE	763369	0.193016676	0.336145981	0.971413143	4.837673775	0.019730595	18811	43898000	21
20221116 070104	431	4061674	gbdt	binary	custom	TRUE	TRUE	FALSE	TRUE	-100	-1	0	0.001	0	0	31	106	1	1	1	0.1	50	0.5	FALSE	763369	0.195734286	0.477476082	0.64747092	5.322817016	0.020488017	18228	43784000	40
20221116 085757	431	4061674	gbdt	binary	custom	TRUE	TRUE	FALSE	TRUE	-100	-1	0	0.001	0	0	31	263	1	1	1	0.1	50	0.5	FALSE	763369	0.215542904	0.554035795	0.158041142	8.478583475	0.020471328	17256	43728000	46
20221116 035022	431	4061674	gbdt	binary	custom	TRUE	TRUE	FALSE	TRUE	-100	-1	0	0.001	0	0	31	443	1	1	1	0.1	50	0.5	FALSE	763369	0.225202494	0.799708341	0.894397744	4.577272557	0.019826999	18617	43726000	30
20221115 172148	431	4061674	gbdt	binary	custom	TRUE	TRUE	FALSE	TRUE	-100	-1	0	0.001	0	0	31	1092	1	1	1	0.1	50	0.5	FALSE	763369	0.106273681	0.479272898	0.745044032	8.048820094	0.005507569	16899	43722000	3
20221116 010439	431	4061674	gbdt	binary	custom	TRUE	TRUE	FALSE	TRUE	-100	-1	0	0.001	0	0	31	707	1	1	1	0.1	50	0.5	FALSE	763369	0.059042162	0.739442575	0.353967589	10.84440465	0.002601505	17253	43654000	16
20221115 230430	431	4061674	gbdt	binary	custom	TRUE	TRUE	FALSE	TRUE	-100	-1	0	0.001	0	0	31	413	1	1	1	0.1	50	0.5	FALSE	763369	0.234376554	0.673725321	0.162727251	6.079945852	0.019302501	19042	43596000	12
20221116 171345	431	4061674	gbdt	binary	custom	TRUE	TRUE	FALSE	TRUE	-100	-1	0	0.001	0	0	31	350	1	1	1	0.1	50	0.5	FALSE	763369	0.171834979	0.7650313	0.919594577	4.400331969	0.017837256	20232	43536000	59
20221116 122212	431	4061674	gbdt	binary	custom	TRUE	TRUE	FALSE	TRUE	-100	-1	0	0.001	0	0	31	717	1	1	1	0.1	50	0.5	FALSE	763369	0.061676419	0.268171697	0.830705724	2.884508741	0.022351956	17195	43530000	51
20221116 105535	431	4061674	gbdt	binary	custom	TRUE	TRUE	FALSE	TRUE	-100	-1	0	0.001	0	0	31	882	1	1	1	0.1	50	0.5	FALSE	763369	0.228382312	0.619336532	0.472312023	2.98764468	0.020781208	18608	43104000	49
20221115 191859	431	4061674	gbdt	binary	custom	TRUE	TRUE	FALSE	TRUE	-100	-1	0	0.001	0	0	31	698	1	1	1	0.1	50	0.5	FALSE	763369	0.143157875	0.378167366	0.479780906	8.685019105	0.005546721	17434	43052000	7
20221116 083209	431	4061674	gbdt	binary	custom	TRUE	TRUE	FALSE	TRUE	-100	-1	0	0.001	0	0	31	169	1	1	1	0.1	50	0.5	FALSE	763369	0.173637857	0.35581694	0.898881698	7.902665858	0.016875104	18956	43048000	44
20221116 173253	431	4061674	gbdt	binary	custom	TRUE	TRUE	FALSE	TRUE	-100	-1	0	0.001	0	0	31	2120	1	1	1	0.1	50	0.5	FALSE	763369	0.212895697	0.667593334	0.678593387	1.808446292	0.018611441	15966	42228000	60
20221116 084240	431	4061674	gbdt	binary	custom	TRUE	TRUE	FALSE	TRUE	-100	-1	0	0.001	0	0	31	916	1	1	1	0.1	50	0.5	FALSE	763369	0.261133782	0.615942653	0.309976693	2.916308322	0.021169812	17174	42052000	45
20221116 143727	431	4061674	gbdt	binary	custom	TRUE	TRUE	FALSE	TRUE	-100	-1	0	0.001	0	0	31	523	1	1	1	0.1	50	0.5	FALSE	763369	0.227950524	0.669526115	0.184697378	9.661057269	0.005840086	16765	41830000	54
20221116 192003	431	4061674	gbdt	binary	custom	TRUE	TRUE	FALSE	TRUE	-100	-1	0	0.001	0	0	31	1368	1	1	1	0.1	50	0.5	FALSE	763369	0.127721159	0.751063332	0.239592952	2.428772688	0.019906829	17555	41130000	62
20221115 174812	431	4061674	gbdt	binary	custom	TRUE	TRUE	FALSE	TRUE	-100	-1	0	0.001	0	0	31	1778	1	1	1	0.1	50	0.5	FALSE	763369	0.134739574	0.605960397	0.054654503	4.169180041	0.017626202	19671	40978000	4
20221115 232158	431	4061674	gbdt	binary	custom	TRUE	TRUE	FALSE	TRUE	-100	-1	0	0.001	0	0	31	284	1	1	1	0.1	50	0.5	FALSE	763369	0.216160362	0.208439441	0.875687896	11.91349969	3.69E-06	16570	40940000	13
20221115 225557	431	4061674	gbdt	binary	custom	TRUE	TRUE	FALSE	TRUE	-100	-1	0	0.001	0	0	31	4484	1	1	1	0.1	50	0.5	FALSE	763369	0.025935264	0.454348043	0.257277288	2.977491399	0.019003786	18020	40840000	11
20221116 003236	431	4061674	gbdt	binary	custom	TRUE	TRUE	FALSE	TRUE	-100	-1	0	0.001	0	0	31	2077	1	1	1	0.1	50	0.5	FALSE	763369	0.246216659	0.271264545	0.536737184	2.086839327	0.018000985	17953	40574000	15
20221115 234442	431	4061674	gbdt	binary	custom	TRUE	TRUE	FALSE	TRUE	-100	-1	0	0.001	0	0	31	550	1	1	1	0.1	50	0.5	FALSE	763369	0.282081218	0.718437045	0.997554676	7.845103718	0.002927935	17632	40496000	14
20221116 095302	431	4061674	gbdt	binary	custom	TRUE	TRUE	FALSE	TRUE	-100	-1	0	0.001	0	0	31	1967	1	1	1	0.1	50	0.5	FALSE	763369	0.105915957	0.487857087	0.139134091	3.594317346	0.016923194	20224	39712000	47
20221115 205112	431	4061674	gbdt	binary	custom	TRUE	TRUE	FALSE	TRUE	-100	-1	0	0.001	0	0	31	296	1	1	1	0.1	50	0.5	FALSE	763369	0.275936436	0.3250766	0.310098088	9.698998053	0.004001543	18337	39406000	10
20221116 190649	431	4061674	gbdt	binary	custom	TRUE	TRUE	FALSE	TRUE	-100	-1	0	0.001	0	0	31	4008	1	1	1	0.1	50	0.5	FALSE	763369	0.031941244	0.33578524	0.321236842	2.067323216	0.015487684	19444	39272000	61
20221116 163916	431	4061674	gbdt	binary	custom	TRUE	TRUE	FALSE	TRUE	-100	-1	0	0.001	0	0	31	1471	1	1	1	0.1	50	0.5	FALSE	763369	0.229330373	0.273394123	0.297163333	2.08641964	0.016373786	19372	39256000	57
20221116 195452	431	4061674	gbdt	binary	custom	TRUE	TRUE	FALSE	TRUE	-100	-1	0	0.001	0	0	31	1165	1	1	1	0.1	50	0.5	FALSE	763369	0.28159784	0.495559552	0.453305766	1.951665149	0.014889996	19455	39010000	63
20221116 170327	431	4061674	gbdt	binary	custom	TRUE	TRUE	FALSE	TRUE	-100	-1	0	0.001	0	0	31	710	1	1	1	0.1	50	0.5	FALSE	763369	0.294738514	0.560448597	0.357605867	1.261781633	0.0167918	16007	38786000	58
20221115 160510	431	4061674	gbdt	binary	custom	TRUE	TRUE	FALSE	TRUE	-100	-1	0	0.001	0	0	31	2298	1	1	1	0.1	50	0.5	FALSE	763369	0.084658894	0.519285577	0.459727764	1.276960948	0.015321404	16937	38766000	1
20221116 051049	431	4061674	gbdt	binary	custom	TRUE	TRUE	FALSE	TRUE	-100	-1	0	0.001	0	0	31	2031	1	1	1	0.1	50	0.5	FALSE	763369	0.272795047	0.410105359	0.706135255	1.163533471	0.012780667	19634	36652000	32
