fecha	cols	rows	boosting	objective	metric	first_metric_only	boost_from_average	feature_pre_filter	force_row_wise	verbosity	max_depth	min_gain_to_split	min_sum_hessian_in_leaf	lambda_l1	lambda_l2	max_bin	num_iterations	bagging_fraction	pos_bagging_fraction	neg_bagging_fraction	drop_rate	max_drop	skip_drop	extra_trees	seed	learning_rate	feature_fraction	coverage	leaf_size_log	prob_corte	estimulos	ganancia	iteracion_bayesiana
20221118 062821	1532	413699	gbdt	binary	custom	TRUE	TRUE	FALSE	TRUE	-100	-1	0	0.001	0	0	31	60	1	1	1	0.1	50	0.5	FALSE	763369	0.0747161464573583	0.756601697739097	0.639909893533331	9.57043757243082	0.0174537459815628	8372	5896000	1
20221118 063051	1532	413699	gbdt	binary	custom	TRUE	TRUE	FALSE	TRUE	-100	-1	0	0.001	0	0	31	330	1	1	1	0.1	50	0.5	FALSE	763369	0.165438765116851	0.562796059876564	0.326253175917373	10.7328157205775	1.56321053017463e-06	6289	4942000	2
20221118 063326	1532	413699	gbdt	binary	custom	TRUE	TRUE	FALSE	TRUE	-100	-1	0	0.001	0	0	31	291	1	1	1	0.1	50	0.5	FALSE	763369	0.0896054132530116	0.290398374610231	0.695591846734897	4.20967053234926	0.0219339204085283	8080	5040000	3
20221118 063500	1532	413699	gbdt	binary	custom	TRUE	TRUE	FALSE	TRUE	-100	-1	0	0.001	0	0	31	148	1	1	1	0.1	50	0.5	FALSE	763369	0.107204432306462	0.613934014909319	0.909475256662699	6.82862121840299	0.0168705205456757	7774	5892000	4
20221118 063732	1532	413699	gbdt	binary	custom	TRUE	TRUE	FALSE	TRUE	-100	-1	0	0.001	0	0	31	228	1	1	1	0.1	50	0.5	FALSE	763369	0.121195325003355	0.434973619956872	0.511177227543521	5.2731471532752	0.0161028902306235	9574	4372000	5
20221118 064554	1532	413699	gbdt	binary	custom	TRUE	TRUE	FALSE	TRUE	-100	-1	0	0.001	0	0	31	1647	1	1	1	0.1	50	0.5	FALSE	763369	0.244249662177026	0.413153470985708	0.21863834427495	3.26018422696507	0.0177093666178655	9164	3912000	6
20221118 064630	1532	413699	gbdt	binary	custom	TRUE	TRUE	FALSE	TRUE	-100	-1	0	0.001	0	0	31	29	1	1	1	0.1	50	0.5	FALSE	763369	0.263802372166392	0.583029655917198	0.0930028393362591	8.64609494620527	0.0168718845882781	8816	3248000	7
20221118 064754	1532	413699	gbdt	binary	custom	TRUE	TRUE	FALSE	TRUE	-100	-1	0	0.001	0	0	31	41	1	1	1	0.1	50	0.5	FALSE	763369	0.185540464444784	0.379066795067047	0.136824866440293	8.34893454088888	0.0189936300616032	8381	4358000	8
20221118 064928	1532	413699	gbdt	binary	custom	TRUE	TRUE	FALSE	TRUE	-100	-1	0	0.001	0	0	31	117	1	1	1	0.1	50	0.5	FALSE	763369	0.250864461987221	0.248259055116796	0.759549646876258	4.95167906588176	0.0205031466219898	7551	6418000	9
20221118 065204	1532	413699	gbdt	binary	custom	TRUE	TRUE	FALSE	TRUE	-100	-1	0	0.001	0	0	31	1108	1	1	1	0.1	50	0.5	FALSE	763369	0.0311806701496243	0.77525499589683	0.837287860127981	2.66555992639042	0.0225954236118727	7416	6128000	10
20221118 065311	1532	413699	gbdt	binary	custom	TRUE	TRUE	FALSE	TRUE	-100	-1	0	0.001	0	0	31	115	1	1	1	0.1	50	0.5	FALSE	763369	0.212230514035327	0.710964743577642	0.950118212157395	6.17587015453319	0.0208177683719097	6575	6210000	11
20221118 065543	1532	413699	gbdt	binary	custom	TRUE	TRUE	FALSE	TRUE	-100	-1	0	0.001	0	0	31	276	1	1	1	0.1	50	0.5	FALSE	763369	0.205443102602439	0.220751447576913	0.370778266948037	11.7782601734361	4.56536310856504e-07	8533	3654000	12
20221118 070418	1532	413699	gbdt	binary	custom	TRUE	TRUE	FALSE	TRUE	-100	-1	0	0.001	0	0	31	890	1	1	1	0.1	50	0.5	FALSE	763369	0.0147135414845252	0.334106995034381	0.800733305305766	7.46500816069602	0.0163658106430793	7808	6624000	13
20221118 070807	1532	413699	gbdt	binary	custom	TRUE	TRUE	FALSE	TRUE	-100	-1	0	0.001	0	0	31	2582	1	1	1	0.1	50	0.5	FALSE	763369	0.0608881652312993	0.514441015580087	0.278182080310216	2.30536544321512	0.016528369858167	9046	4468000	14
20221118 070842	1532	413699	gbdt	binary	custom	TRUE	TRUE	FALSE	TRUE	-100	-1	0	0.001	0	0	31	10	1	1	1	0.1	50	0.5	FALSE	763369	0.285145772729593	0.486461849807529	0.536984481722902	1.02756597059488	0.0341962638325803	11079	482000	15
20221118 071130	1532	413699	gbdt	binary	custom	TRUE	TRUE	FALSE	TRUE	-100	-1	0	0.001	0	0	31	465	1	1	1	0.1	50	0.5	FALSE	763369	0.148842183479283	0.653557548153913	0.422183022156241	10.561170953355	3.42568007660297e-07	9425	2910000	16
20221118 071232	1532	413699	gbdt	binary	custom	TRUE	TRUE	FALSE	TRUE	-100	-1	0	0.001	0	0	31	77	1	1	1	0.1	50	0.5	FALSE	763369	0.192994728416994	0.674927989048681	0.801984291235589	5.85767135381504	0.0249731773702262	6682	5196000	17
20221118 071424	1532	413699	gbdt	binary	custom	TRUE	TRUE	FALSE	TRUE	-100	-1	0	0.001	0	0	31	129	1	1	1	0.1	50	0.5	FALSE	763369	0.0680766727167874	0.201067468314474	0.755183381391654	7.74524232936065	0.0183427498391245	8555	5450000	18
20221118 072346	1532	413699	gbdt	binary	custom	TRUE	TRUE	FALSE	TRUE	-100	-1	0	0.001	0	0	31	1683	1	1	1	0.1	50	0.5	FALSE	763369	0.0217666456702985	0.275436494802782	0.818326197093228	4.9986935680859	0.0209048146886589	7449	5902000	19
20221118 072526	1532	413699	gbdt	binary	custom	TRUE	TRUE	FALSE	TRUE	-100	-1	0	0.001	0	0	31	57	1	1	1	0.1	50	0.5	FALSE	763369	0.147120416888558	0.290673066227855	0.835349297621151	7.48626493455726	0.0193049127086619	8388	4984000	20
20221118 073523	1532	413699	gbdt	binary	custom	TRUE	TRUE	FALSE	TRUE	-100	-1	0	0.001	0	0	31	301	1	1	1	0.1	50	0.5	FALSE	763369	0.0100243134531138	0.729588165409497	0.787210753762398	11.2235267022677	0.0141136345291396	8274	5772000	21
20221118 074159	1532	413699	gbdt	binary	custom	TRUE	TRUE	FALSE	TRUE	-100	-1	0	0.001	0	0	31	977	1	1	1	0.1	50	0.5	FALSE	763369	0.010122164377373	0.71172038678481	0.856538828323961	7.71347530283374	0.0165770388636828	8231	5938000	22
20221118 075458	1532	413699	gbdt	binary	custom	TRUE	TRUE	FALSE	TRUE	-100	-1	0	0.001	0	0	31	4843	1	1	1	0.1	50	0.5	FALSE	763369	0.0100303477939741	0.795036502341548	0.784291895474653	4.09835230188404	0.027531667009264	5808	7024000	23
20221118 080504	1532	413699	gbdt	binary	custom	TRUE	TRUE	FALSE	TRUE	-100	-1	0	0.001	0	0	31	2683	1	1	1	0.1	50	0.5	FALSE	763369	0.0100272785932619	0.677279348393271	0.766222001933255	6.17127225881014	0.0162120844277559	7566	6388000	24
20221118 080606	1532	413699	gbdt	binary	custom	TRUE	TRUE	FALSE	TRUE	-100	-1	0	0.001	0	0	31	70	1	1	1	0.1	50	0.5	FALSE	763369	0.0102275066134029	0.691173132109911	0.791276028020086	1.59748980243567	0.0207302468916133	9246	1668000	25
20221118 080809	1532	413699	gbdt	binary	custom	TRUE	TRUE	FALSE	TRUE	-100	-1	0	0.001	0	0	31	644	1	1	1	0.1	50	0.5	FALSE	763369	0.0712878239262626	0.792320265118059	0.853457879747905	3.73582433725594	0.0199993375170315	8230	5860000	26
20221118 081429	1532	413699	gbdt	binary	custom	TRUE	TRUE	FALSE	TRUE	-100	-1	0	0.001	0	0	31	1968	1	1	1	0.1	50	0.5	FALSE	763369	0.010590615702158	0.671301679844487	0.766359924365977	4.65298752209888	0.0225142217175312	7298	6044000	27
20221118 082548	1532	413699	gbdt	binary	custom	TRUE	TRUE	FALSE	TRUE	-100	-1	0	0.001	0	0	31	1421	1	1	1	0.1	50	0.5	FALSE	763369	0.0100484313979508	0.389263032938995	0.790035923170158	6.80605639200905	0.0189044444918873	7887	6546000	28
20221118 084459	1532	413699	gbdt	binary	custom	TRUE	TRUE	FALSE	TRUE	-100	-1	0	0.001	0	0	31	3384	1	1	1	0.1	50	0.5	FALSE	763369	0.0105377255786855	0.411739316742318	0.791518083877643	3.49896193317301	0.0245649375039001	6956	6008000	29
20221118 084557	1532	413699	gbdt	binary	custom	TRUE	TRUE	FALSE	TRUE	-100	-1	0	0.001	0	0	31	131	1	1	1	0.1	50	0.5	FALSE	763369	0.271497365337505	0.785976911044684	0.781875387686559	4.129345852403	0.0233580405511953	6634	6492000	30
20221118 085229	1532	413699	gbdt	binary	custom	TRUE	TRUE	FALSE	TRUE	-100	-1	0	0.001	0	0	31	894	1	1	1	0.1	50	0.5	FALSE	763369	0.0100011373702313	0.693748905160967	0.781432612134591	7.29325529994384	0.025205771725273	6214	7092000	31
20221118 085951	1532	413699	gbdt	binary	custom	TRUE	TRUE	FALSE	TRUE	-100	-1	0	0.001	0	0	31	1486	1	1	1	0.1	50	0.5	FALSE	763369	0.0102713917161722	0.772853605787968	0.709182256911616	7.16862120112953	0.0179468945541633	7058	6924000	32
20221118 090107	1532	413699	gbdt	binary	custom	TRUE	TRUE	FALSE	TRUE	-100	-1	0	0.001	0	0	31	65	1	1	1	0.1	50	0.5	FALSE	763369	0.293647302989473	0.209656854397525	0.942552482094718	4.97840278785328	0.0261622634337631	7005	5590000	33
20221118 090656	1532	413699	gbdt	binary	custom	TRUE	TRUE	FALSE	TRUE	-100	-1	0	0.001	0	0	31	725	1	1	1	0.1	50	0.5	FALSE	763369	0.020063503413288	0.45871061526488	0.996145612692975	6.2202762348642	0.0202895161857869	7790	5540000	34
20221118 091314	1532	413699	gbdt	binary	custom	TRUE	TRUE	FALSE	TRUE	-100	-1	0	0.001	0	0	31	455	1	1	1	0.1	50	0.5	FALSE	763369	0.010432495787639	0.777695847546606	0.785869417450688	9.48761691172051	0.0154647766769202	8754	5612000	35
20221118 091929	1532	413699	gbdt	binary	custom	TRUE	TRUE	FALSE	TRUE	-100	-1	0	0.001	0	0	31	1127	1	1	1	0.1	50	0.5	FALSE	763369	0.0101881519804583	0.572261383634824	0.750031362829329	7.19196033485269	0.0198177004396292	7370	6380000	36
20221118 092717	1532	413699	gbdt	binary	custom	TRUE	TRUE	FALSE	TRUE	-100	-1	0	0.001	0	0	31	1456	1	1	1	0.1	50	0.5	FALSE	763369	0.0102807078540624	0.79920397744069	0.796354276753434	7.37250795871757	0.0131538279141592	8256	6528000	37
20221118 093336	1532	413699	gbdt	binary	custom	TRUE	TRUE	FALSE	TRUE	-100	-1	0	0.001	0	0	31	1251	1	1	1	0.1	50	0.5	FALSE	763369	0.0104884731279724	0.795039238029925	0.674840568792541	6.98311529081691	0.0226537021488228	6557	6886000	38
20221118 093619	1532	413699	gbdt	binary	custom	TRUE	TRUE	FALSE	TRUE	-100	-1	0	0.001	0	0	31	308	1	1	1	0.1	50	0.5	FALSE	763369	0.0206188297725299	0.793270990456324	0.681691280405567	7.67477911311862	0.0196436775788504	8539	5482000	39
20221118 093926	1532	413699	gbdt	binary	custom	TRUE	TRUE	FALSE	TRUE	-100	-1	0	0.001	0	0	31	516	1	1	1	0.1	50	0.5	FALSE	763369	0.0420073491413758	0.762305693389335	0.701010291697201	6.58500777422891	0.0157355341944374	7600	6480000	40
20221118 094548	1532	413699	gbdt	binary	custom	TRUE	TRUE	FALSE	TRUE	-100	-1	0	0.001	0	0	31	996	1	1	1	0.1	50	0.5	FALSE	763369	0.0100522535875802	0.720379347389656	0.784221200490771	6.98347533116363	0.0209558972491457	7519	5762000	41
20221118 095543	1532	413699	gbdt	binary	custom	TRUE	TRUE	FALSE	TRUE	-100	-1	0	0.001	0	0	31	1373	1	1	1	0.1	50	0.5	FALSE	763369	0.0102282613982742	0.307705072775486	0.773493948836791	6.30054644966611	0.0180588450181849	8657	5726000	42
20221118 100328	1532	413699	gbdt	binary	custom	TRUE	TRUE	FALSE	TRUE	-100	-1	0	0.001	0	0	31	1934	1	1	1	0.1	50	0.5	FALSE	763369	0.0100089366277806	0.78411598609689	0.965327758534025	5.83976371265983	0.0252983113825281	6190	6660000	43
20221118 101127	1532	413699	gbdt	binary	custom	TRUE	TRUE	FALSE	TRUE	-100	-1	0	0.001	0	0	31	1580	1	1	1	0.1	50	0.5	FALSE	763369	0.0103440272932589	0.664261260806613	0.704857105616676	7.36528990361041	0.0128799940930049	7984	6672000	44
20221118 101314	1532	413699	gbdt	binary	custom	TRUE	TRUE	FALSE	TRUE	-100	-1	0	0.001	0	0	31	172	1	1	1	0.1	50	0.5	FALSE	763369	0.0552559035912378	0.687953657755116	0.858662000834601	7.21829771974734	0.0238948152670757	6380	6680000	45
20221118 101413	1532	413699	gbdt	binary	custom	TRUE	TRUE	FALSE	TRUE	-100	-1	0	0.001	0	0	31	62	1	1	1	0.1	50	0.5	FALSE	763369	0.250063392016805	0.7688513803636	0.945020044171382	6.26546037385953	0.0177088261964741	8625	4830000	46
20221118 102107	1532	413699	gbdt	binary	custom	TRUE	TRUE	FALSE	TRUE	-100	-1	0	0.001	0	0	31	2533	1	1	1	0.1	50	0.5	FALSE	763369	0.0100606709393771	0.773448392752238	0.58090074066466	4.50188162159077	0.0226697031285911	7387	6026000	47
20221118 102438	1532	413699	gbdt	binary	custom	TRUE	TRUE	FALSE	TRUE	-100	-1	0	0.001	0	0	31	541	1	1	1	0.1	50	0.5	FALSE	763369	0.217928806880815	0.451580929214321	0.624588062184979	3.66292833534977	0.0235621858053609	6473	6574000	48
20221118 103058	1532	413699	gbdt	binary	custom	TRUE	TRUE	FALSE	TRUE	-100	-1	0	0.001	0	0	31	1204	1	1	1	0.1	50	0.5	FALSE	763369	0.272795046745653	0.410105359146697	0.706135255456611	1.16353347139433	0.0262437201688485	7071	2738000	49
20221118 103433	1532	413699	gbdt	binary	custom	TRUE	TRUE	FALSE	TRUE	-100	-1	0	0.001	0	0	31	653	1	1	1	0.1	50	0.5	FALSE	763369	0.13605428939346	0.229892607176863	0.290350013201893	5.28775312666898	0.0197650778061575	7631	5778000	50
20221118 103622	1532	413699	gbdt	binary	custom	TRUE	TRUE	FALSE	TRUE	-100	-1	0	0.001	0	0	31	74	1	1	1	0.1	50	0.5	FALSE	763369	0.173637857063529	0.355816939936997	0.898881698089745	7.90266585776978	0.013662810219772	7866	5068000	51
20221118 103854	1532	413699	gbdt	binary	custom	TRUE	TRUE	FALSE	TRUE	-100	-1	0	0.001	0	0	31	1671	1	1	1	0.1	50	0.5	FALSE	763369	0.261133781581568	0.615942653173162	0.309976692602131	2.9163083223498	0.0212984018175922	7744	5472000	52
20221118 103938	1532	413699	gbdt	binary	custom	TRUE	TRUE	FALSE	TRUE	-100	-1	0	0.001	0	0	31	53	1	1	1	0.1	50	0.5	FALSE	763369	0.215542903716411	0.55403579469258	0.158041142349446	8.47858347508078	0.0172733703680513	8224	3072000	53
20221118 104333	1532	413699	gbdt	binary	custom	TRUE	TRUE	FALSE	TRUE	-100	-1	0	0.001	0	0	31	1563	1	1	1	0.1	50	0.5	FALSE	763369	0.105915957483926	0.487857086673798	0.139134090770537	3.59431734564924	0.0212799959286445	7823	5314000	54
20221118 105022	1532	413699	gbdt	binary	custom	TRUE	TRUE	FALSE	TRUE	-100	-1	0	0.001	0	0	31	248	1	1	1	0.1	50	0.5	FALSE	763369	0.0344634015917708	0.684404517298006	0.896887398874492	11.6702943151088	0.00144104991159984	7339	6682000	55
20221118 105153	1532	413699	gbdt	binary	custom	TRUE	TRUE	FALSE	TRUE	-100	-1	0	0.001	0	0	31	584	1	1	1	0.1	50	0.5	FALSE	763369	0.228382311844563	0.619336532340804	0.472312023286207	2.9876446803913	0.021456593573024	7677	6486000	56
20221118 105559	1532	413699	gbdt	binary	custom	TRUE	TRUE	FALSE	TRUE	-100	-1	0	0.001	0	0	31	130	1	1	1	0.1	50	0.5	FALSE	763369	0.0422508539879485	0.552761185708223	0.772093228624121	11.2024258921181	0.00612421000803764	9005	4870000	57
20221118 110117	1532	413699	gbdt	binary	custom	TRUE	TRUE	FALSE	TRUE	-100	-1	0	0.001	0	0	31	1010	1	1	1	0.1	50	0.5	FALSE	763369	0.0616764186151093	0.268171697328705	0.830705724388419	2.88450874061719	0.0196443068893643	8103	6274000	58
20221118 110330	1532	413699	gbdt	binary	custom	TRUE	TRUE	FALSE	TRUE	-100	-1	0	0.001	0	0	31	339	1	1	1	0.1	50	0.5	FALSE	763369	0.207000264089652	0.20923147052275	0.118427144088876	5.43649023787957	0.0215215945318494	7878	5444000	59
20221118 110748	1532	413699	gbdt	binary	custom	TRUE	TRUE	FALSE	TRUE	-100	-1	0	0.001	0	0	31	180	1	1	1	0.1	50	0.5	FALSE	763369	0.0168689462624234	0.593185147103109	0.47625914849753	10.9671144015668	0.0139609146678446	8837	5046000	60
20221118 110856	1532	413699	gbdt	binary	custom	TRUE	TRUE	FALSE	TRUE	-100	-1	0	0.001	0	0	31	73	1	1	1	0.1	50	0.5	FALSE	763369	0.227950524461004	0.66952611456993	0.184697377993586	9.6610572688987	0.00530983023721375	9541	2598000	61
20221118 110955	1532	413699	gbdt	binary	custom	TRUE	TRUE	FALSE	TRUE	-100	-1	0	0.001	0	0	31	217	1	1	1	0.1	50	0.5	FALSE	763369	0.165498424515538	0.59425079543344	0.633422419482873	3.57201302448825	0.0233943860935399	7420	5880000	62
20221118 111445	1532	413699	gbdt	binary	custom	TRUE	TRUE	FALSE	TRUE	-100	-1	0	0.001	0	0	31	988	1	1	1	0.1	50	0.5	FALSE	763369	0.0124847495173546	0.799515071600265	0.520194398023777	7.16413769730416	0.0202470045519501	7428	6264000	63
20221118 111606	1532	413699	gbdt	binary	custom	TRUE	TRUE	FALSE	TRUE	-100	-1	0	0.001	0	0	31	303	1	1	1	0.1	50	0.5	FALSE	763369	0.231880294004916	0.718357041892026	0.805522821213391	3.9768151415076	0.0201310137603559	7592	5616000	64
20221118 111808	1532	413699	gbdt	binary	custom	TRUE	TRUE	FALSE	TRUE	-100	-1	0	0.001	0	0	31	259	1	1	1	0.1	50	0.5	FALSE	763369	0.19662951124992	0.464066992318281	0.998540501007176	3.83845396520381	0.0247481109427193	6330	6940000	65
20221118 111942	1532	413699	gbdt	binary	custom	TRUE	TRUE	FALSE	TRUE	-100	-1	0	0.001	0	0	31	175	1	1	1	0.1	50	0.5	FALSE	763369	0.217766956968529	0.476508153857943	0.810487254397019	4.22251579445097	0.0179116644695939	8714	5772000	66
20221118 112239	1532	413699	gbdt	binary	custom	TRUE	TRUE	FALSE	TRUE	-100	-1	0	0.001	0	0	31	402	1	1	1	0.1	50	0.5	FALSE	763369	0.173830228128712	0.451789018434091	0.945917867584064	3.60681240544284	0.0208142683142529	7516	6648000	67
20221118 113321	1532	413699	gbdt	binary	custom	TRUE	TRUE	FALSE	TRUE	-100	-1	0	0.001	0	0	31	1202	1	1	1	0.1	50	0.5	FALSE	763369	0.010066366673961	0.37214516846427	0.858771241098065	7.81641285714843	0.0155485898953706	7769	6782000	68
20221118 113808	1532	413699	gbdt	binary	custom	TRUE	TRUE	FALSE	TRUE	-100	-1	0	0.001	0	0	31	431	1	1	1	0.1	50	0.5	FALSE	763369	0.0361198363010662	0.362639511261589	0.998380051805769	7.18813133418828	0.0194683323276555	6776	7168000	69
20221118 114224	1532	413699	gbdt	binary	custom	TRUE	TRUE	FALSE	TRUE	-100	-1	0	0.001	0	0	31	479	1	1	1	0.1	50	0.5	FALSE	763369	0.0287602698381338	0.360469465827212	0.375846761904697	7.24899262402528	0.0217229589312142	7389	6102000	70
20221118 114600	1532	413699	gbdt	binary	custom	TRUE	TRUE	FALSE	TRUE	-100	-1	0	0.001	0	0	31	312	1	1	1	0.1	50	0.5	FALSE	763369	0.0436615535124909	0.383417458531415	0.967395295264005	7.44476891394906	0.012955854950991	9312	5856000	71
20221118 115432	1532	413699	gbdt	binary	custom	TRUE	TRUE	FALSE	TRUE	-100	-1	0	0.001	0	0	31	946	1	1	1	0.1	50	0.5	FALSE	763369	0.0100970627001579	0.359756910711376	0.999006313786161	6.87846377727979	0.0274298677888792	6145	6270000	72
20221118 115703	1532	413699	gbdt	binary	custom	TRUE	TRUE	FALSE	TRUE	-100	-1	0	0.001	0	0	31	532	1	1	1	0.1	50	0.5	FALSE	763369	0.230355004186935	0.475450490501244	0.897944732050528	2.53107959274715	0.0230492015300659	6862	6516000	73
20221118 115914	1532	413699	gbdt	binary	custom	TRUE	TRUE	FALSE	TRUE	-100	-1	0	0.001	0	0	31	65	1	1	1	0.1	50	0.5	FALSE	763369	0.0630405953907827	0.289598928639619	0.882895462686836	9.14955881430674	0.0253077178082209	6852	6056000	74
20221118 120249	1532	413699	gbdt	binary	custom	TRUE	TRUE	FALSE	TRUE	-100	-1	0	0.001	0	0	31	696	1	1	1	0.1	50	0.5	FALSE	763369	0.229330373214681	0.273394122695643	0.297163333368569	2.08641963961651	0.018063480526919	8354	4492000	75
20221118 120351	1532	413699	gbdt	binary	custom	TRUE	TRUE	FALSE	TRUE	-100	-1	0	0.001	0	0	31	550	1	1	1	0.1	50	0.5	FALSE	763369	0.294738513568274	0.560448597197002	0.357605867454642	1.26178163259081	0.025133962731025	6901	3398000	76
20221118 120510	1532	413699	gbdt	binary	custom	TRUE	TRUE	FALSE	TRUE	-100	-1	0	0.001	0	0	31	757	1	1	1	0.1	50	0.5	FALSE	763369	0.21289569675443	0.667593334260024	0.67859338731725	1.80844629248162	0.0195932908412721	7799	3842000	77
20221118 121608	1532	413699	gbdt	binary	custom	TRUE	TRUE	FALSE	TRUE	-100	-1	0	0.001	0	0	31	2334	1	1	1	0.1	50	0.5	FALSE	763369	0.0319412438386143	0.335785240288079	0.321236841940368	2.06732321555587	0.0209952431084639	7891	4058000	78
20221118 121751	1532	413699	gbdt	binary	custom	TRUE	TRUE	FALSE	TRUE	-100	-1	0	0.001	0	0	31	974	1	1	1	0.1	50	0.5	FALSE	763369	0.127721159090286	0.751063331983099	0.239592951512022	2.42877268848964	0.0193041205152846	8177	4126000	79
20221118 122014	1532	413699	gbdt	binary	custom	TRUE	TRUE	FALSE	TRUE	-100	-1	0	0.001	0	0	31	1056	1	1	1	0.1	50	0.5	FALSE	763369	0.281597839924337	0.495559551793849	0.453305765777896	1.9516651490212	0.0180491982126111	8135	3570000	80
20221118 122208	1532	413699	gbdt	binary	custom	TRUE	TRUE	FALSE	TRUE	-100	-1	0	0.001	0	0	31	729	1	1	1	0.1	50	0.5	FALSE	763369	0.197528702607392	0.553300065067009	0.825777193281286	2.92159372039703	0.0228126303808118	7214	6372000	81
20221118 122517	1532	413699	gbdt	binary	custom	TRUE	TRUE	FALSE	TRUE	-100	-1	0	0.001	0	0	31	255	1	1	1	0.1	50	0.5	FALSE	763369	0.0436812413514961	0.361101161081764	0.786096510945463	7.15091970117485	0.0206539254986533	7313	6494000	82
20221118 122839	1532	413699	gbdt	binary	custom	TRUE	TRUE	FALSE	TRUE	-100	-1	0	0.001	0	0	31	708	1	1	1	0.1	50	0.5	FALSE	763369	0.0258889374628885	0.695178254038939	0.999958529554165	6.05965914471201	0.021360610272167	7120	6400000	83
20221118 123033	1532	413699	gbdt	binary	custom	TRUE	TRUE	FALSE	TRUE	-100	-1	0	0.001	0	0	31	272	1	1	1	0.1	50	0.5	FALSE	763369	0.0704093278624672	0.797031689298547	0.61685123495469	6.80349884226186	0.0172409549528122	7455	6130000	84
20221118 123321	1532	413699	gbdt	binary	custom	TRUE	TRUE	FALSE	TRUE	-100	-1	0	0.001	0	0	31	849	1	1	1	0.1	50	0.5	FALSE	763369	0.0529881288312089	0.799144393960889	0.903515742238774	4.2726392542188	0.0218560611954296	7032	6176000	85
20221118 123458	1532	413699	gbdt	binary	custom	TRUE	TRUE	FALSE	TRUE	-100	-1	0	0.001	0	0	31	167	1	1	1	0.1	50	0.5	FALSE	763369	0.2999372830611	0.467274155606924	0.895379697629058	3.77054787955839	0.0189617433917842	8268	5224000	86
20221118 124208	1532	413699	gbdt	binary	custom	TRUE	TRUE	FALSE	TRUE	-100	-1	0	0.001	0	0	31	177	1	1	1	0.1	50	0.5	FALSE	763369	0.092006246619473	0.79833640952234	0.608444433561543	6.81976075397844	0.0186193599961768	7934	5812000	87
20221118 124420	1532	413699	gbdt	binary	custom	TRUE	TRUE	FALSE	TRUE	-100	-1	0	0.001	0	0	31	491	1	1	1	0.1	50	0.5	FALSE	763369	0.0580754973457159	0.799658515244937	0.914419344254286	4.26414869427354	0.0298641966859341	5419	7082000	88
20221118 124544	1532	413699	gbdt	binary	custom	TRUE	TRUE	FALSE	TRUE	-100	-1	0	0.001	0	0	31	308	1	1	1	0.1	50	0.5	FALSE	763369	0.0925725627481182	0.795072677537835	0.760318995060212	4.19568251550135	0.0265379119365711	6183	6434000	89
20221118 125717	1532	413699	gbdt	binary	custom	TRUE	TRUE	FALSE	TRUE	-100	-1	0	0.001	0	0	31	4227	1	1	1	0.1	50	0.5	FALSE	763369	0.0103528307057989	0.778090129890725	0.967646529371856	4.11968673456066	0.0251651893889542	6222	6596000	90
20221118 130450	1532	413699	gbdt	binary	custom	TRUE	TRUE	FALSE	TRUE	-100	-1	0	0.001	0	0	31	2464	1	1	1	0.1	50	0.5	FALSE	763369	0.0105429531789031	0.799046953996902	0.863998478447167	4.35759487714729	0.0252964327197451	6550	6900000	91
20221118 131253	1532	413699	gbdt	binary	custom	TRUE	TRUE	FALSE	TRUE	-100	-1	0	0.001	0	0	31	2079	1	1	1	0.1	50	0.5	FALSE	763369	0.010051205913211	0.793571295250313	0.724713589267346	6.17683068790719	0.0199956844400893	7189	6422000	92
20221118 131433	1532	413699	gbdt	binary	custom	TRUE	TRUE	FALSE	TRUE	-100	-1	0	0.001	0	0	31	108	1	1	1	0.1	50	0.5	FALSE	763369	0.277878620741351	0.335122127422857	0.999406747552001	3.72736817526993	0.0234520871049764	7838	6164000	93
20221118 131723	1532	413699	gbdt	binary	custom	TRUE	TRUE	FALSE	TRUE	-100	-1	0	0.001	0	0	31	360	1	1	1	0.1	50	0.5	FALSE	763369	0.225953040580728	0.431019466943249	0.634305577140211	2.84752697078744	0.0232169570328153	7291	7338000	94
20221118 132046	1532	413699	gbdt	binary	custom	TRUE	TRUE	FALSE	TRUE	-100	-1	0	0.001	0	0	31	499	1	1	1	0.1	50	0.5	FALSE	763369	0.18354484132712	0.438476483749187	0.678694012272319	2.70653648295591	0.0240217264035897	6584	6432000	95
20221118 132359	1532	413699	gbdt	binary	custom	TRUE	TRUE	FALSE	TRUE	-100	-1	0	0.001	0	0	31	473	1	1	1	0.1	50	0.5	FALSE	763369	0.25461797325064	0.364884810941275	0.62592633861024	2.9890668211793	0.0222958486976154	7285	6470000	96
20221118 132533	1532	413699	gbdt	binary	custom	TRUE	TRUE	FALSE	TRUE	-100	-1	0	0.001	0	0	31	626	1	1	1	0.1	50	0.5	FALSE	763369	0.261083999135005	0.583664412599717	0.599496399185046	2.83497787224336	0.0212987343585499	7839	6242000	97
20221118 132928	1532	413699	gbdt	binary	custom	TRUE	TRUE	FALSE	TRUE	-100	-1	0	0.001	0	0	31	589	1	1	1	0.1	50	0.5	FALSE	763369	0.237652591112643	0.4363034503904	0.799852637729061	2.8976568263845	0.0160345717080929	9121	4638000	98
20221118 133214	1532	413699	gbdt	binary	custom	TRUE	TRUE	FALSE	TRUE	-100	-1	0	0.001	0	0	31	348	1	1	1	0.1	50	0.5	FALSE	763369	0.201949525136584	0.439575304045773	0.601809991069188	2.90486015726718	0.0228290732433605	7552	6576000	99
20221118 133320	1532	413699	gbdt	binary	custom	TRUE	TRUE	FALSE	TRUE	-100	-1	0	0.001	0	0	31	310	1	1	1	0.1	50	0.5	FALSE	763369	0.160930334203386	0.603501995273766	0.910700225547483	2.79251655661277	0.0213797035174793	7951	5538000	100
20221118 133651	1532	413699	gbdt	binary	custom	TRUE	TRUE	FALSE	TRUE	-100	-1	0	0.001	0	0	31	1134	1	1	1	0.1	50	0.5	FALSE	763369	0.0377852511655054	0.681650104729308	0.844725889380175	4.17886349200878	0.0232491300715408	6617	6766000	101
20221118 134729	1532	413699	gbdt	binary	custom	TRUE	TRUE	FALSE	TRUE	-100	-1	0	0.001	0	0	31	1322	1	1	1	0.1	50	0.5	FALSE	763369	0.0108937634949503	0.34109675156874	0.884513944433209	7.23079325925055	0.0160018533165191	8352	6256000	102
20221118 134923	1532	413699	gbdt	binary	custom	TRUE	TRUE	FALSE	TRUE	-100	-1	0	0.001	0	0	31	718	1	1	1	0.1	50	0.5	FALSE	763369	0.220236960285972	0.60947795108821	0.650178022518335	2.99286102036227	0.0186132998721307	8269	5782000	103
20221118 135108	1532	413699	gbdt	binary	custom	TRUE	TRUE	FALSE	TRUE	-100	-1	0	0.001	0	0	31	376	1	1	1	0.1	50	0.5	FALSE	763369	0.0817595998640251	0.502831866325985	0.952884778395386	4.1469021655432	0.0249689821313975	6487	6866000	104
20221118 135405	1532	413699	gbdt	binary	custom	TRUE	TRUE	FALSE	TRUE	-100	-1	0	0.001	0	0	31	399	1	1	1	0.1	50	0.5	FALSE	763369	0.244038408195151	0.424762839682602	0.631676665056046	2.71726724516699	0.0215550666121675	7434	6172000	105
20221118 135453	1532	413699	gbdt	binary	custom	TRUE	TRUE	FALSE	TRUE	-100	-1	0	0.001	0	0	31	50	1	1	1	0.1	50	0.5	FALSE	763369	0.258110133170781	0.622079651695956	0.701117130807543	5.33923603940848	0.0229811183274674	7664	5312000	106
20221118 135640	1532	413699	gbdt	binary	custom	TRUE	TRUE	FALSE	TRUE	-100	-1	0	0.001	0	0	31	107	1	1	1	0.1	50	0.5	FALSE	763369	0.0913496542124217	0.247369523397554	0.527051433031843	7.59804250238161	0.0226302965676344	7166	5748000	107
20221118 135742	1532	413699	gbdt	binary	custom	TRUE	TRUE	FALSE	TRUE	-100	-1	0	0.001	0	0	31	78	1	1	1	0.1	50	0.5	FALSE	763369	0.250252089265969	0.591598410642706	0.677594255382835	6.58154360853578	0.0152423524111941	9068	3064000	108
20221118 135927	1532	413699	gbdt	binary	custom	TRUE	TRUE	FALSE	TRUE	-100	-1	0	0.001	0	0	31	466	1	1	1	0.1	50	0.5	FALSE	763369	0.0846692385972291	0.497865637856815	0.312352483976295	4.56759956516628	0.0235097516711773	7418	5644000	109
20221118 140147	1532	413699	gbdt	binary	custom	TRUE	TRUE	FALSE	TRUE	-100	-1	0	0.001	0	0	31	239	1	1	1	0.1	50	0.5	FALSE	763369	0.246345617153144	0.248808602198539	0.499727342706919	8.02731794654834	0.000552660179540565	6491	4938000	110
20221118 140537	1532	413699	gbdt	binary	custom	TRUE	TRUE	FALSE	TRUE	-100	-1	0	0.001	0	0	31	708	1	1	1	0.1	50	0.5	FALSE	763369	0.270344024571944	0.316762904999498	0.0742836944022099	3.46468035437632	0.0147169934224155	10935	2130000	111
20221118 140633	1532	413699	gbdt	binary	custom	TRUE	TRUE	FALSE	TRUE	-100	-1	0	0.001	0	0	31	92	1	1	1	0.1	50	0.5	FALSE	763369	0.290795951921537	0.506827275884245	0.939434127964475	4.61888599331095	0.0221764487355431	7251	6138000	112
20221118 140858	1532	413699	gbdt	binary	custom	TRUE	TRUE	FALSE	TRUE	-100	-1	0	0.001	0	0	31	322	1	1	1	0.1	50	0.5	FALSE	763369	0.226615126035083	0.73331936726803	0.977922071336373	10.827627274886	4.63784895247968e-07	8013	3014000	113
20221118 141130	1532	413699	gbdt	binary	custom	TRUE	TRUE	FALSE	TRUE	-100	-1	0	0.001	0	0	31	179	1	1	1	0.1	50	0.5	FALSE	763369	0.207986184363393	0.356072055453342	0.315098846208735	10.5821148715226	2.68582993830784e-06	8293	3654000	114
20221118 141407	1532	413699	gbdt	binary	custom	TRUE	TRUE	FALSE	TRUE	-100	-1	0	0.001	0	0	31	351	1	1	1	0.1	50	0.5	FALSE	763369	0.162058547872279	0.504729239547206	0.680383294722333	9.21297164328606	1.37139111991411e-06	8535	2850000	115
20221118 141500	1532	413699	gbdt	binary	custom	TRUE	TRUE	FALSE	TRUE	-100	-1	0	0.001	0	0	31	88	1	1	1	0.1	50	0.5	FALSE	763369	0.101885518049782	0.647204425613256	0.135569224677875	8.84718407210172	0.0176170715761774	8667	5386000	116
20221118 141600	1532	413699	gbdt	binary	custom	TRUE	TRUE	FALSE	TRUE	-100	-1	0	0.001	0	0	31	106	1	1	1	0.1	50	0.5	FALSE	763369	0.0924029967775405	0.51531734836949	0.150270265034703	8.54135010775342	0.0188900348301308	8416	5328000	117
20221118 141755	1532	413699	gbdt	binary	custom	TRUE	TRUE	FALSE	TRUE	-100	-1	0	0.001	0	0	31	73	1	1	1	0.1	50	0.5	FALSE	763369	0.0415100137753761	0.296135813944461	0.121737258846895	10.1414327389002	0.0230540391523016	7300	5480000	118
20221118 141931	1532	413699	gbdt	binary	custom	TRUE	TRUE	FALSE	TRUE	-100	-1	0	0.001	0	0	31	70	1	1	1	0.1	50	0.5	FALSE	763369	0.204602939199824	0.303956357071735	0.589867806903168	7.51817804565979	0.0211224620995011	6267	6266000	119
