particion	semilla	public_corte	public_gan	private_corte	private_gan
241067	537547	10851	25892000	8155	26448000
241067	632087	8177	25704000	8682	26124000
241067	284747	9666	26540000	7447	26136000
241067	101653	11325	25996000	11175	26112000
241067	253789	11641	25944000	9688	26592000
241067	763417	7914	25664000	7765	26160000
241067	779771	9772	26516000	8401	27012000
241067	375899	7907	25524000	11277	27108000
241067	451201	8494	26132000	8061	26224000
241067	262349	10518	26300000	7552	26708000
241067	455737	8296	25520000	9408	26276000
241067	302483	9191	26120000	10003	26068000
241067	368803	8580	25644000	8456	26076000
241067	440987	11232	26048000	7931	25600000
241067	595807	9581	26960000	9480	26128000
241067	884489	8137	26356000	9279	25960000
241067	148021	7715	25148000	8956	26500000
241067	626617	9924	26560000	8478	25840000
241067	172049	9412	25860000	9398	25952000
241067	968467	11378	26012000	9548	26980000
241067	543853	9542	25308000	9999	26796000
241067	501971	8352	25752000	8745	26304000
241067	699241	8265	25368000	9493	25956000
241067	215183	7677	25556000	9937	26220000
241067	337327	10224	25500000	10787	25648000
241067	299567	8730	26104000	8840	26268000
241067	766477	8895	25176000	7108	25672000
241067	639143	10815	25504000	10893	26936000
241067	637729	9890	25704000	9765	26168000
241067	583153	10558	25960000	8924	26372000
241067	350593	11308	25356000	6883	25664000
241067	778123	8831	25864000	9674	25748000
241067	816547	10065	26040000	9278	26564000
241067	142211	9300	25328000	6965	25876000
241067	632939	10403	25780000	9016	26552000
241067	285517	9229	25648000	8227	25072000
241067	166157	9883	26348000	7545	25904000
241067	554569	8810	25864000	8615	26420000
241067	838459	8472	26156000	8032	26604000
241067	324983	10105	25656000	8253	25704000
241067	464033	9042	26464000	9513	26536000
241067	670139	9798	26536000	9042	25812000
241067	529957	12271	25448000	9986	26340000
241067	558913	11252	25752000	8155	26896000
241067	222347	7923	26588000	9860	26244000
241067	288313	8229	26076000	10360	26592000
241067	190829	7808	25932000	7938	25916000
241067	624737	8001	25700000	7903	26184000
241067	489817	12833	25036000	10769	26288000
241067	850181	9288	25796000	10050	25880000
899161	537547	8151	25680000	9867	26220000
899161	632087	8185	25700000	7450	26504000
899161	284747	11282	26308000	9039	26548000
899161	101653	11325	26300000	11241	25840000
899161	253789	9678	26024000	8381	26140000
899161	763417	7776	25088000	7914	26792000
899161	779771	9869	26204000	9173	27484000
899161	375899	7907	25880000	8263	26876000
899161	451201	8632	25416000	8300	26796000
899161	262349	7556	25888000	7374	26684000
899161	455737	11010	25688000	8298	26120000
899161	302483	11477	25748000	7368	26908000
899161	368803	8658	25172000	8419	26560000
899161	440987	9200	25764000	6738	26120000
899161	595807	9460	26528000	9581	26564000
899161	884489	9313	26048000	8549	26180000
899161	148021	10833	25544000	7400	26440000
899161	626617	9911	25632000	7522	26552000
899161	172049	10301	25744000	9017	26388000
899161	968467	11378	25948000	9101	27332000
899161	543853	10706	25452000	8239	27364000
899161	501971	10397	25984000	9223	26616000
899161	699241	9913	25428000	7975	26140000
899161	215183	7968	25556000	7121	25984000
899161	337327	12258	25132000	10787	26048000
899161	299567	8746	26428000	8840	26080000
899161	766477	12050	25444000	8264	26244000
899161	639143	10826	26260000	8203	26548000
899161	637729	11416	25464000	9722	26676000
899161	583153	10670	26120000	9703	25876000
899161	350593	8285	25032000	10140	25576000
899161	778123	8831	25672000	9674	26004000
899161	816547	9278	26228000	8492	26488000
899161	142211	8612	24852000	8233	26140000
899161	632939	10523	26464000	10175	25708000
899161	285517	9157	25072000	7703	25544000
899161	166157	10352	25908000	7918	26152000
899161	554569	8870	26288000	8615	26096000
899161	838459	9196	26668000	7716	26844000
899161	324983	10158	25484000	6800	26524000
899161	464033	9211	26220000	8938	26872000
899161	670139	9639	26040000	9729	26096000
899161	529957	12268	25640000	8552	25780000
899161	558913	8439	25628000	8438	26696000
899161	222347	7923	26084000	9860	26872000
899161	288313	11438	25660000	8738	26676000
899161	190829	7938	25456000	9058	26572000
899161	624737	7903	25860000	7691	26008000
899161	489817	9281	25444000	7568	25976000
899161	850181	9445	26032000	8060	26012000
381841	537547	8404	26844000	11197	25244000
381841	632087	7307	26636000	8682	25920000
381841	284747	9621	26404000	9666	26080000
381841	101653	11237	26356000	11309	25660000
381841	253789	7457	26720000	9688	25780000
381841	763417	7914	26808000	7665	25064000
381841	779771	10077	26952000	8803	26308000
381841	375899	7759	26500000	8263	26312000
381841	451201	8290	26928000	10140	25444000
381841	262349	7552	27720000	8612	25452000
381841	455737	11010	26736000	10177	25616000
381841	302483	8330	26824000	9926	26056000
381841	368803	8658	26804000	8503.5	24876000
381841	440987	9098	25880000	7538	25060000
381841	595807	9477	27468000	9480	25496000
381841	884489	8824	26552000	9319	25800000
381841	148021	6979	26400000	8322	25192000
381841	626617	9308	26436000	9973	25412000
381841	172049	9368	26668000	11344	25228000
381841	968467	8680	27284000	9778	25636000
381841	543853	7827	25952000	8697	26160000
381841	501971	10611	26552000	9820	25728000
381841	699241	9789	25724000	8286	25208000
381841	215183	7825	26564000	9931	25408000
381841	337327	10045	26048000	10907	25004000
381841	299567	8724	26864000	8840	25508000
381841	766477	7108	26480000	10228	24336000
381841	639143	8278	26756000	10815	26556000
381841	637729	9934	26212000	9875	25556000
381841	583153	8633	26676000	9384	25448000
381841	350593	7789	26456000	11293	24496000
381841	778123	8831	26548000	9674	25464000
381841	816547	9405	27092000	10420	25376000
381841	142211	6934	26388000	10228	25368000
381841	632939	11078	26492000	10134	25560000
381841	285517	8227	26252000	9229	24980000
381841	166157	9839	26436000	9639	25004000
381841	554569	8870	26980000	9275	25380000
381841	838459	7646	27592000	8984	25664000
381841	324983	8321	26500000	9931	24852000
381841	464033	9211	27060000	9513	26052000
381841	670139	9509	27536000	11347	25268000
381841	529957	9183	26604000	10386	25388000
381841	558913	8401	27292000	11252	25808000
381841	222347	9860	27328000	8582	25720000
381841	288313	10542	26616000	9401	25876000
381841	190829	10925	26692000	7948	25384000
381841	624737	7691	27232000	11812	25168000
381841	489817	9450	26380000	12357	24848000
381841	850181	7306	26336000	10750	25208000
