fecha	cp	minsplit	minbucket	maxdepth	xval_folds	ganancia	iteracion
20220910 044531	-0.35840734	1047.092535	11.06419854	10	5	21453333.33	16
20220910 050458	-0.837570367	1769.45519	242.9003396	10	5	21440000	104
20220910 050543	-0.895672568	1686.228684	287.3276049	10	5	21226666.67	107
20220910 050748	-0.820312785	1593.606987	283.1440318	9	5	21213333.33	116
20220910 050104	-0.862228373	1703.426919	279.2001459	8	5	21186666.67	87
20220910 050020	-0.6437037	1567.52527	260.4246297	9	5	21120000	83
20220910 050149	-0.671517917	1136.049981	299.2109109	9	5	21013333.33	90
20220910 045353	-0.32120211	1052.140269	2.313379014	8	5	20986666.67	53
20220910 045705	-0.390717441	1195.674182	273.7166026	9	5	20960000	68
20220910 045251	-0.351025277	737.3982282	365.7936243	10	5	20906666.67	48
20220910 045811	-0.361709942	1174.731743	211.9522638	9	5	20840000	73
20220910 045512	-0.77572846	636.5853236	317.3165155	20	5	20813333.33	59
20220910 050526	-0.704981142	1025.595304	290.4071471	9	5	20773333.33	106
20220910 050405	-0.864308384	1017.472567	272.9122153	20	5	20760000	100
20220910 050121	-0.690968025	1088.378776	325.0179425	20	5	20720000	88
20220910 044552	-0.288677118	1204.060687	27.96521685	8	5	20653333.33	18
20220910 050326	-0.053098156	2006.488922	993.6133817	20	5	20653333.33	97
20220910 050228	-0.38679313	927.2879001	1.075203761	10	5	20626666.67	93
20220910 050637	-0.054903131	2019.373248	999.1366929	14	5	20600000	111
20220910 045455	-0.752674627	1979.296777	988.1559321	20	5	20573333.33	58
20220910 044835	-0.368501737	1740.745474	866.3487576	8	5	20533333.33	30
20220910 045306	-0.489210266	1556.329038	652.5671654	12	5	20533333.33	49
20220910 050600	-0.51521223	1197.417871	425.3618681	17	5	20533333.33	108
20220910 045934	-0.77602423	1998.068492	997.6701852	5	5	20520000	80
20220910 050259	-0.747882163	1993.311327	995.6325947	9	5	20520000	95
20220910 045526	-0.759435802	951.0214686	469.85092	8	5	20506666.67	60
20220910 050734	-0.197668151	1912.526487	955.6670372	10	5	20480000	115
20220910 044316	-0.621833079	1182.510484	524.7177595	14	5	20453333.33	4
20220910 045440	-0.465168517	2024.04382	999.817817	20	5	20453333.33	57
20220910 045000	-0.635541869	2282.99644	995.0836845	7	5	20440000	37
20220910 050242	-0.472565283	2008.081547	997.6444802	8	5	20440000	94
20220910 045617	-0.551864811	1858.672378	926.3679128	12	5	20400000	64
20220910 050652	-0.508554072	1994.424584	997.0360053	20	5	20386666.67	112
20220910 044903	-0.310655312	1288.774012	638.547028	10	5	20360000	32
20220910 045055	-0.904891364	1385.222475	690.2845176	20	5	20360000	41
20220910 045826	-0.415832337	1071.077002	531.0018103	10	5	20346666.67	74
20220910 050007	-0.392777555	1737.114764	864.7118245	11	5	20346666.67	82
20220910 050430	-0.551094566	1789.026662	407.5415466	8	5	20346666.67	102
20220910 045213	-0.065614864	2027.936307	999.0525466	6	5	20320000	46
20220910 045730	-0.772665023	1746.460374	2.08809664	10	5	20306666.67	70
20220910 044250	-0.725856036	1355.431592	454.4945732	13	5	20280000	2
20220910 045133	-0.88206181	1995.387059	995.1843395	12	5	20186666.67	43
20220910 045039	-0.653441514	1358.186661	677.9089052	17	5	20173333.33	40
20220910 045202	-0.835344744	1416.680034	706.4527958	20	5	20106666.67	45
20220910 045643	-0.346794267	1561.250936	6.263233874	12	5	20106666.67	66
20220910 050512	-0.480060096	2304.989654	365.9316468	10	5	20066666.67	105
20220910 050052	-0.638673468	1403.975957	699.5819028	10	5	20053333.33	86
20220910 050720	-0.684995926	3800.81308	999.9384272	10	5	19973333.33	114
20220910 044519	-0.549456517	2278.083257	646.5349024	20	5	19946666.67	15
20220910 045328	-0.615868223	2378.014549	995.4983191	15	5	19946666.67	51
20220910 050338	-0.852479939	1327.092817	580.2355251	8	5	19946666.67	98
20220910 045147	-0.919693417	3197.783601	999.282862	16	5	19840000	44
20220910 045535	-0.060279804	4355.466644	999.8961942	4	5	19840000	61
20220910 045341	-0.686463651	2324.142363	570.390755	9	5	19813333.33	52
20220910 044301	-0.937720509	2405.085566	563.9164376	9	5	19786666.67	3
20220910 050203	-0.17975813	4044.352457	999.5215882	19	5	19760000	91
20220910 044328	-0.440901882	2949.434157	742.1858385	11	5	19680000	5
20220910 044731	-0.795317525	2298.348667	804.9183394	11	5	19653333.33	25
20220910 044849	-0.063874113	4136.109802	998.6869515	18	5	19653333.33	31
20220910 045952	-0.844369456	3289.896975	999.0449435	7	5	19653333.33	81
20220910 045745	-0.766810147	2137.895051	459.0764948	20	5	19640000	71
20220910 044425	-0.039678201	3860.038792	939.7401724	6	5	19453333.33	10
20220910 044236	-0.19067587	3447.017221	152.8297348	13	5	19426666.67	1
20220910 044635	-0.335770716	2419.538853	177.7102523	3	5	19400000	21
20220910 045549	-0.112567839	3331.192844	619.9866386	10	5	19386666.67	62
20220910 044416	-0.53762179	2619.471162	95.91772783	10	5	19360000	9
20220910 050215	-0.661117839	2081.411695	1.305665724	7	5	19293333.33	92
20220910 045416	-0.5245787	3254.38182	706.2836343	13	5	19280000	55
20220910 044505	-0.071619489	3076.202117	291.3918735	3	5	19240000	14
20220910 045628	-0.283168898	2993.865554	999.9133614	7	5	19240000	65
20220910 045009	-0.531497567	2402.261248	999.3215438	3	5	19213333.33	38
20220910 045601	-0.904884218	1466.921275	729.1198861	3	5	19186666.67	63
20220910 044605	-0.671977662	4361.403133	740.0967552	20	5	19146666.67	19
20220910 044445	-0.872435199	4073.872215	384.2649414	19	5	19133333.33	12
20220910 045716	-0.20537706	4994.567714	493.9309507	8	5	19106666.67	69
20220910 050029	-0.772952816	1517.401492	176.7796891	3	5	19106666.67	84
20220910 045859	-0.072058225	3116.962893	873.3270029	3	5	19080000	77
20220910 044539	-0.090209566	4447.881009	999.8280686	3	5	19066666.67	17
20220910 044458	-0.956258971	3831.108432	929.8149841	14	5	19040000	13
20220910 050311	-0.776926967	4998.280342	998.8001699	8	5	19040000	96
20220910 044822	-0.493343748	4982.080452	998.3362781	16	5	19026666.67	29
20220910 050706	-0.410052751	4968.375358	990.7929551	20	5	19013333.33	113
20220910 044340	-0.348821488	4470.156974	878.8406894	18	5	18973333.33	6
20220910 045402	-0.620510699	1405.715828	638.1032794	3	5	18946666.67	54
20220910 044927	-0.733625353	3672.700605	999.2243911	3	5	18906666.67	35
20220910 050609	-0.148503891	3996.937609	318.3251988	3	5	18866666.67	109
20220910 044718	-0.588820052	4845.621012	996.5625041	9	5	18853333.33	24
20220910 050135	-0.350548055	4505.223089	999.7089091	3	5	18853333.33	89
20220910 044751	-0.18034415	3133.007418	971.8711843	3	5	18813333.33	27
20220910 045851	-0.821655161	3581.682951	138.2192537	3	5	18813333.33	76
20220910 050038	-0.094842896	1570.302009	388.2022585	3	5	18773333.33	85
20220910 050347	-0.874762349	2502.94318	8.33872866	4	5	18773333.33	99
20220910 050621	-0.093212928	3946.262049	2.492023863	7	5	18760000	110
20220910 050417	-0.552671597	4987.571871	963.0367355	9	5	18706666.67	101
20220910 050439	-0.999978304	3831.667094	992.2605662	3	5	18706666.67	103
20220910 044919	-0.902089529	4994.375076	997.7622288	3	5	18680000	34
20220910 045227	-0.376378156	3088.901295	3.773627709	11	5	18613333.33	47
20220910 045023	-0.627909417	4861.349288	476.9773964	13	5	18573333.33	39
20220910 045912	-0.065481476	4799.081525	999.7142727	10	5	18546666.67	78
20220910 044911	-0.847367985	271.5397777	132.8741751	3	5	18520000	33
20220910 045924	-0.744975919	4159.343387	3.365785603	8	5	18480000	79
20220910 044743	-0.293493164	4932.890608	10.48799106	9	5	18173333.33	26
20220910 045314	-0.16791299	2998.051143	16.87712394	3	5	18160000	50
20220910 045425	-0.465559229	1616.775056	11.6298356	3	5	18133333.33	56
20220910 044706	-0.674989035	286.4456075	38.99563038	3	5	18106666.67	23
20220910 044809	-0.757482784	4976.217159	10.0571002	20	5	18026666.67	28
20220910 045757	-0.915825881	4998.606496	1.40968678	8	5	18026666.67	72
20220910 045652	-0.359489185	156.6768647	1.433133373	3	5	17986666.67	67
20220910 044355	-0.162979755	4857.67863	9.903859532	16	5	17973333.33	7
20220910 044627	-0.40368812	138.9839959	24.29356533	20	5	16573333.33	20
20220910 045843	-0.78990838	8.270681837	2.542895015	13	5	14520000	75
20220910 044949	-0.587036087	26.82212363	3.132435552	20	5	12026666.67	36
20220910 044657	-0.241283923	5.907950874	2.550032723	20	5	9053333.333	22
20220910 045118	-0.971449395	5.748696026	2.709122125	20	5	8920000	42
20220910 044404	0.014598639	3159.985655	216.1600511	6	5	-1260000	8
20220910 044432	0.0835477	1905.996956	629.1491142	20	5	-1300000	11
