Feature	Gain	Cover	Frequency
pesos_fe_suma_menos_tarjetas	0.211981781782223	0.0299536767382997	0.0252813941869692
ctrx_quarter	0.11748863856509	0.0159802779710437	0.0134525523848708
cociente_fe_02	0.0554911378092073	0.010721338383897	0.0128060069944456
r_mpasivos_margen	0.0486639479736766	0.0128977674930089	0.0166558909101596
cpayroll_trx	0.0478685373640168	0.0272839550574759	0.0108810650365886
r_mcuentas_saldo	0.0457453313863763	0.0512069930612256	0.0444426484850266
r_mtarjeta_visa_consumo	0.0451854962802577	0.019278745678739	0.0222911217562524
r_mcaja_ahorro	0.0409507140472587	0.0159145382707853	0.0213359978840333
mpayroll	0.0382434386241655	0.037612250006326	0.0202633203044641
r_mrentabilidad_annual	0.0268266455231375	0.0380645529211008	0.0403650042613219
mprestamos_personales	0.0221686611920643	0.0362540268269872	0.016508948775972
ctarjeta_visa_transacciones	0.0189626044303775	0.0144744736358225	0.0185367502277603
mcomisiones_mantenimiento	0.0161376490286005	0.0192751079570313	0.0171775354865254
Visa_mpagominimo	0.0156617327491306	0.0231976518721035	0.0272724601052106
cociente_fe_03	0.0153782519581051	0.0178341177444238	0.0249434272783378
cdescubierto_preacordado	0.0130330385003532	0.0339584396375663	0.012269668204661
r_mactivos_margen	0.0124417270445474	0.0239551847233553	0.0269124518764511
r_mrentabilidad	0.0113184595220365	0.018313682164989	0.0245026008757751
cprestamos_personales	0.00958376943371448	0.0225465461786382	0.00993328827107885
ctarjeta_master	0.00870049442900198	0.00695873166695	0.00523113997707703
ccajas_consultas	0.00834173699481335	0.0285387390867194	0.00894142886531284
ctarjeta_visa	0.00714281729894156	0.00894706165326451	0.00506950362947072
Visa_fechaalta	0.00675016537105913	0.0238100504410715	0.0215931466188615
cproductos	0.00670740515853569	0.0119397988975162	0.0121300731771828
r_ccomisiones_otras	0.00640802750669171	0.0171984835131069	0.0238707496987686
ccomisiones_mantenimiento	0.00608541765717159	0.00445059015445613	0.00357804096746701
Master_status	0.00603287039334874	0.00677090590661704	0.00468010697387369
Master_fechaalta	0.00596254868922264	0.0237760572742491	0.0231727745613777
cociente_fe_01	0.0051051071815446	0.0115150158440149	0.0180151056513945
r_Visa_msaldototal	0.00497516157420119	0.00866010654190529	0.0135701060922209
cliente_edad	0.00473516748014994	0.0131749633584099	0.0229744026802245
Visa_cconsumos	0.00442854992435526	0.00761884816995986	0.0131880565433332
ctarjeta_debito_transacciones	0.00433593297842526	0.00915251340746225	0.0120492550033797
Visa_status	0.00425353268359605	0.012993190855275	0.00617156963587739
r_Visa_msaldopesos	0.00420355239781312	0.0103452395963356	0.0133790813177771
r_mcuenta_debitos_automaticos	0.00403396109082018	0.0169753785464998	0.0129235607017956
Master_Fvencimiento	0.00398038462184781	0.00985605820188067	0.017052634672466
r_mcomisiones_otras	0.00383755891485435	0.0103889643491897	0.0130631557292738
mautoservicio	0.00358442373131404	0.0121816677402808	0.0151644282481559
thomebanking	0.00355467522124702	0.00670404406668369	0.0081920239809563
ccallcenter_transacciones	0.00353642238638674	0.0159907003195999	0.00564992505951156
Visa_mpagospesos	0.00351482382820234	0.0068618028984751	0.0132468333970083
ccaja_seguridad	0.00350821645616429	0.00667581004965012	0.00216004937255709
r_chomebanking_transacciones	0.00340103355095093	0.00668513468165788	0.0125121227260705
r_mcomisiones	0.00326588682922592	0.00897469215424368	0.0113586269726982
Visa_Fvencimiento	0.00308444184057912	0.00678021361898895	0.013202750756752
cmobile_app_trx	0.00282715750972252	0.00991034522132313	0.00924266024039733
mtransferencias_recibidas	0.00267451498207505	0.00914015148012854	0.014738296059012
r_Visa_mconsumospesos	0.00240527682390234	0.00730937684859344	0.01287213095483
ctransferencias_recibidas	0.00229651267598835	0.00944294690169768	0.010403503100479
tcallcenter	0.00229012820029053	0.0088064902289512	0.00360008228759515
mtransferencias_emitidas	0.00214888755924477	0.0107992840565847	0.0129529491286331
Master_mlimitecompra	0.00214215411542637	0.00616808929524907	0.0122329326711141
visa_fe_suma_all	0.00209876048775817	0.00745300234074128	0.0139374614276898
cliente_antiguedad	0.00199263681359655	0.00642487978556062	0.0116745525612014
cextraccion_autoservicio	0.00180877407828933	0.011482017257526	0.0112704616921856
numero_de_cliente	0.00172011149947817	0.00532210250042869	0.0110720898110324
ccajas_transacciones	0.0016912940757326	0.00416507129948966	0.00169718164986628
ctransferencias_emitidas	0.0015896417796618	0.00636825800349814	0.00744996620330914
mtarjeta_master_consumo	0.00157180992267481	0.00725418793899654	0.00387192523584213
mextraccion_autoservicio	0.00146852664063339	0.00962231902345097	0.010675346048726
master_fe_suma_all	0.00143622553608458	0.00491696314414908	0.00485643753489876
mttarjeta_visa_debitos_automaticos	0.00141836348260259	0.00539001379916654	0.00769976783142798
r_Visa_mconsumototal	0.00132504807599437	0.00425526546438724	0.00726628853557469
Visa_mconsumosdolares	0.00131699844381634	0.00670416529955273	0.00708261086784025
Master_mconsumospesos	0.00124323013723831	0.0032431199006487	0.00440826402562671
Visa_mfinanciacion_limite	0.00122691295294385	0.00393833685030181	0.00839774296881888
r_mcaja_ahorro_dolares	0.0010676585003543	0.00393889107872134	0.00774385047168425
Master_mpagominimo	0.000979150979144806	0.00226003447355501	0.00398213183648279
ctarjeta_master_transacciones	0.000964336032072877	0.00187640026869512	0.00146942134187557
internet	0.000933402654026015	0.0062887532231487	0.00285802450994798
ctarjeta_debito	0.000932336440008774	0.00221998731389833	0.00373233020836395
ctarjeta_visa_debitos_automaticos	0.000870052594399839	0.00373436843322266	0.00385723102242337
Visa_mlimitecompra	0.000857269699205054	0.00269419821455328	0.00527522261733329
Master_cconsumos	0.000740453142244574	0.00108925143397901	0.00206453698533518
Master_mconsumototal	0.000622513232728921	0.00184033025335403	0.00228495018661651
Master_msaldopesos	0.000612433873722839	0.0021030761612302	0.00354130543392012
Master_msaldototal	0.000608104499489239	0.00307639542738408	0.00371028888823581
catm_trx	0.000559308480571706	0.00483706921217509	0.00474623093425809
tarjetas_fe_suma_all	0.000515625727904325	0.00125283532857536	0.00206453698533518
Master_mpagospesos	0.000494663208196996	0.00409282151186537	0.00314456167161372
matm	0.000477011711111261	0.00385268362141179	0.00455520615981427
Visa_msaldodolares	0.00045487364263049	0.00345137428217952	0.00199841302495077
mpagomiscuentas	0.000451986550884976	0.0023288522233926	0.00446704087930173
cpagomiscuentas	0.000325646346892954	0.00155392142554186	0.00270373526905105
matm_other	0.000301746345174995	0.00521536446272438	0.00229229729332589
cseguro_vida	0.000287487939577617	0.00429346720671814	0.0014253387016193
Visa_cadelantosefectivo	0.00027825762120675	0.00185797434387281	0.00117553707350046
pesos_fe_suma_all	0.000176119929462454	0.000839800534571863	0.00138860316807241
Visa_delinquency	0.000152070629845868	0.000860059518029419	0.000528991683075205
Master_madelantopesos	0.000151461935730075	0.000139473560637559	0.000301231375084492
Visa_madelantopesos	0.00015022813383304	0.00107770606298413	0.000720016457519029
ccaja_ahorro	0.000142609828517453	0.000931766258906562	0.000521644576365827
Master_msaldodolares	0.000105463015208348	0.000177176982910862	0.000161636347606313
Master_mpagado	0.000103029964524133	0.000385615862036082	0.00027184294824698
Master_cadelantosefectivo	0.000102440216316755	0.000123282940401921	0.000242454521409469
Master_mconsumosdolares	9.91886179775017e-05	0.000184290144949414	0.000470214829400182
Master_delinquency	6.97428842450198e-05	4.30491444382508e-05	4.40826402562671e-05
active_quarter	3.80585480613352e-05	0.000114015540901511	0.000117553707350046
Master_mpagosdolares	3.61913338753651e-05	6.00638245034118e-05	0.00016898345431569
catm_trx_other	1.50697505581779e-05	0.000279858427574719	0.000404090869015782
mttarjeta_master_debitos_automaticos	9.44744667104306e-06	6.6417074201402e-05	3.67355335468892e-05
Master_madelantodolares	7.44705957437838e-06	1.74010362716109e-05	5.14297469656449e-05
cseguro_accidentes_personales	5.40742721002103e-06	2.11261515766782e-05	5.87768536750228e-05
ctarjeta_master_debitos_automaticos	5.2531231143457e-06	4.14070569972044e-05	2.93884268375114e-05
cseguro_vivienda	1.4206821247102e-06	1.05919862965521e-05	7.34710670937785e-06
mplazo_fijo_dolares	1.85053642390237e-07	4.37203390360516e-06	7.34710670937785e-06
