fecha	objective	metric	first_metric_only	boost_from_average	feature_pre_filter	verbosity	max_bin	num_iterations	force_row_wise	seed	learning_rate	feature_fraction	min_data_in_leaf	num_leaves	envios	bagging_fraction	bagging_freq	lambda_l1	lambda_l2	min_gain_to_split	max_depth 	ganancia	iteracion
20220927 014219	binary	custom	TRUE	TRUE	FALSE	-100	31	5	TRUE	763381	0.146301696539158	0.500563014633107	5395	455	5921	0.608533174726657	396	63.5501666671561	45.9734836521326	11.1509779355163	9	20480000	1
20220927 014237	binary	custom	TRUE	TRUE	FALSE	-100	31	24	TRUE	763381	0.082664941335732	0.8463006275325	2517	668	8283	0.421625762460489	636	81.2775181524543	97.325877769253	7.96188549410245	10	20880000	2
20220927 014250	binary	custom	TRUE	TRUE	FALSE	-100	31	47	TRUE	763381	0.059687436999044	0.805242938535627	4323	566	7659	0.588223995661882	356	74.881899634751	48.856830775314	4.8887048306014	12	21010000	3
20220927 014302	binary	custom	TRUE	TRUE	FALSE	-100	31	32	TRUE	763381	0.135944324097919	0.588449693712491	3761	97	12261	0.575759540665736	512	50.6964264322258	63.0070054755628	5.37335919870445	9	21800000	4
20220927 014311	binary	custom	TRUE	TRUE	FALSE	-100	31	11	TRUE	763381	0.157763574375951	0.560217330232263	5104	538	10205	0.366825350503839	126	53.6570723955106	16.4738143603707	7.16130050225289	11	21830000	5
20220927 014316	binary	custom	TRUE	TRUE	FALSE	-100	31	5	TRUE	763381	0.235271380537623	0.938875149406323	4455	682	11362	0.104223945039928	975	66.5985821567214	43.9192343314376	4.00238401243543	7	-7680000	6
20220927 014345	binary	custom	TRUE	TRUE	FALSE	-100	31	99	TRUE	763381	0.0390168341106619	0.462466314528137	5958	387	12311	0.702187246713068	307	27.9425539094006	66.7470795549703	8.701858538625	4	22100000	7
20220927 014401	binary	custom	TRUE	TRUE	FALSE	-100	31	24	TRUE	763381	0.0300978066832282	0.635419204691425	2085	755	5546	0.654328916075915	872	35.5180054126447	38.0379312299518	10.553726938751	5	20750000	8
20220927 014406	binary	custom	TRUE	TRUE	FALSE	-100	31	10	TRUE	763381	0.266576083234818	0.791882265177132	6162	651	11788	0.548741698192792	778	90.5468023013626	50.8444546670286	14.621961523174	3	21150000	9
20220927 014417	binary	custom	TRUE	TRUE	FALSE	-100	31	27	TRUE	763381	0.172822195287127	0.715392374717207	6926	917	7740	0.853595085086946	256	59.6548223794589	64.4721676998155	3.04392679317293	9	22440000	10
20220927 014421	binary	custom	TRUE	TRUE	FALSE	-100	31	11	TRUE	763381	0.220042291274982	0.761028717695312	874	855	13509	0.118591816241387	291	48.284736297116	22.7514240677486	10.901248805903	7	18030000	11
20220927 014427	binary	custom	TRUE	TRUE	FALSE	-100	31	18	TRUE	763381	0.247210636302771	0.863578036939725	1719	216	6709	0.307194468393096	709	1.85507634641835	74.7302342547866	6.50281807214106	14	21710000	12
20220927 014437	binary	custom	TRUE	TRUE	FALSE	-100	31	14	TRUE	763381	0.0559765707415433	0.72863882785155	3840	281	6545	0.523626578051428	415	25.0758685497538	99.1011068000185	12.2001433408472	14	20350000	13
20220927 014443	binary	custom	TRUE	TRUE	FALSE	-100	31	20	TRUE	763381	0.187431240105546	0.350097913455895	6858	123	13080	0.25784568999804	907	64.9370490905072	19.7374774291058	4.27455273523874	15	20640000	14
20220927 014451	binary	custom	TRUE	TRUE	FALSE	-100	31	19	TRUE	763381	0.194583444686167	0.228359179829501	6490	380	10987	0.75400314287309	243	97.3182290003536	41.9628274030407	3.67195615414885	7	21310000	15
20220927 014456	binary	custom	TRUE	TRUE	FALSE	-100	31	7	TRUE	763381	0.290414608624917	0.92100415835157	167	554	11398	0.341485524184854	468	84.6277283294592	72.0935444131901	6.234852998697	8	20970000	16
20220927 014503	binary	custom	TRUE	TRUE	FALSE	-100	31	18	TRUE	763381	0.244733145981048	0.201129946569827	4820	345	9055	0.412028093354787	630	31.3989500114345	33.7824148890289	7.5177210809175	8	21650000	17
20220927 014508	binary	custom	TRUE	TRUE	FALSE	-100	31	10	TRUE	763381	0.211077798345809	0.450013712708923	3033	937	5258	0.147934801663875	178	42.3769438339234	25.1918255605554	12.6745914827089	4	18210000	18
20220927 014516	binary	custom	TRUE	TRUE	FALSE	-100	31	21	TRUE	763381	0.164084047238178	0.39626761589792	5067	836	11921	0.250140237512903	811	83.6827607004112	81.3445676617354	6.04750739058432	13	20400000	19
20220927 014815	binary	custom	TRUE	TRUE	FALSE	-100	31	1626	TRUE	763381	0.0061499564203603	0.702725867190483	7942	299	6287	0.672181853608927	491	11.1821015726699	53.0040385076631	2.08417892619338	10	24150000	20
20220927 014830	binary	custom	TRUE	TRUE	FALSE	-100	31	42	TRUE	763381	0.0978474429719658	0.82480718544261	3162	61	12505	0.476674090811073	977	22.9905409972346	76.5821262054716	9.66010380379713	5	21710000	21
20220927 014836	binary	custom	TRUE	TRUE	FALSE	-100	31	12	TRUE	763381	0.277418605780298	0.639673800182275	1616	735	9752	0.72882422285636	675	40.169832219829	6.67436304523842	14.0420525626482	9	20660000	22
20220927 014847	binary	custom	TRUE	TRUE	FALSE	-100	31	41	TRUE	763381	0.213192669365063	0.256144341496243	4617	707	10271	0.824320540140087	602	17.6191659122804	82.551542554787	3.31933071456701	2	23220000	23
20220927 014856	binary	custom	TRUE	TRUE	FALSE	-100	31	35	TRUE	763381	0.185415722578737	0.335795612154867	2718	333	13772	0.498597981987775	377	22.7225932544784	90.9760394422716	13.056238291003	12	20620000	24
20220927 014905	binary	custom	TRUE	TRUE	FALSE	-100	31	65	TRUE	763381	0.120156400837666	0.57080220063217	7743	16	10705	0.225789438322007	36	6.67298649076547	2.34980863445555	4.50641572526519	3	22190000	25
20220927 014919	binary	custom	TRUE	TRUE	FALSE	-100	31	40	TRUE	763381	0.0321252233187393	0.687592723639682	6714	147	5004	0.330095714535458	559	57.8633951675775	28.7290881379257	8.45458483650751	1	2e+07	26
20220927 014942	binary	custom	TRUE	TRUE	FALSE	-100	31	107	TRUE	763381	0.0699303434501317	0.537098983683708	7635	609	14303	0.891523575532165	541	79.0594900022773	87.6925921267812	0.98414823133763	13	20680000	27
20220927 014948	binary	custom	TRUE	TRUE	FALSE	-100	31	16	TRUE	763381	0.143375521988994	0.879466199515049	2361	174	14367	0.381294314762556	451	99.1221931827866	9.61276990497718	7.49181446160391	14	19270000	28
20220927 014958	binary	custom	TRUE	TRUE	FALSE	-100	31	100	TRUE	763381	0.0748581510913738	0.971837016800418	4082	980	12797	0.208556586642146	568	18.3648298112862	56.7340161916363	1.20681127439375	13	21210000	29
20220927 015006	binary	custom	TRUE	TRUE	FALSE	-100	31	46	TRUE	763381	0.0997109844110409	0.306200095189905	1141	68	7445	0.176963662128493	209	70.1887901718728	59.6270707272482	1.57063961781926	7	20150000	30
20220927 015012	binary	custom	TRUE	TRUE	FALSE	-100	31	14	TRUE	763381	0.231538589957636	0.661502168717032	927	196	8672	0.474806028747434	201	15.6985677200032	34.294439780293	11.7427528539288	3	21380000	31
20220927 015018	binary	custom	TRUE	TRUE	FALSE	-100	31	14	TRUE	763381	0.280056371509272	0.947627301442183	1370	1013	14000	0.76615778897328	924	56.7079067688965	77.7686297652882	12.3423553077323	10	20080000	32
20220927 015023	binary	custom	TRUE	TRUE	FALSE	-100	31	1	TRUE	763381	0.254780622791388	0.904083146336912	557	428	7252	0.0769499992551176	828	92.0554271105968	12.8903465564095	11.319412079006	1	-12100000	33
20220927 015054	binary	custom	TRUE	TRUE	FALSE	-100	31	257	TRUE	763381	0.0142029094955069	0.992255723201247	5666	893	9834	0.435676431328333	337	32.7676119032188	40.7470271993568	13.5650200678386	4	22260000	34
20220927 015058	binary	custom	TRUE	TRUE	FALSE	-100	31	1	TRUE	763381	0.262620242605335	0.475970335618	7275	484	5804	0.0526060053759085	14	76.757613297546	94.7000562408689	5.46863106918109	6	-9200000	35
20220927 015137	binary	custom	TRUE	TRUE	FALSE	-100	31	153	TRUE	763381	0.0516194386079653	0.616555834883316	246	436	8047	0.868566111856013	761	8.70155874743941	68.3416480379121	2.46970050607284	6	25270000	36
20220927 015150	binary	custom	TRUE	TRUE	FALSE	-100	31	37	TRUE	763381	0.114348835532252	0.429732108700343	3558	619	9416	0.793986154862902	101	94.7529244527448	90.317536944974	9.01927273526894	2	21810000	37
20220927 015202	binary	custom	TRUE	TRUE	FALSE	-100	31	1	TRUE	763381	0.0213312496354179	0.373433892720972	3375	793	14808	0.0153142229201992	152	36.856837172971	1.19618330048746	10.0944759577583	15	-24650000	38
20220927 015217	binary	custom	TRUE	TRUE	FALSE	-100	31	69	TRUE	763381	0.130312160571841	0.253974290183661	7443	878	9145	0.630157724392272	943	44.3214800007193	14.7863129082322	0.0308090820347107	11	23630000	39
20220927 015234	binary	custom	TRUE	TRUE	FALSE	-100	31	72	TRUE	763381	0.167068428194828	0.273028646320613	2788	248	8464	0.817500664314562	58	12.9101734862779	21.6287095506571	1.97740573437916	15	25400000	40
20220927 015241	binary	custom	TRUE	TRUE	FALSE	-100	31	20	TRUE	763381	0.086920626637928	0.310271988635544	727	797	10596	0.156780966265201	842	3.01230392507918	8.59498052825103	13.7894154277537	1	21290000	41
20220927 015247	binary	custom	TRUE	TRUE	FALSE	-100	31	8	TRUE	763381	0.295596978602963	0.402168355230242	5547	971	13300	0.290177593873179	75	86.4308852243266	29.7060315129726	14.8843047075579	6	19480000	42
20220927 015254	binary	custom	TRUE	TRUE	FALSE	-100	31	64	TRUE	763381	0.107496522981118	0.52135687072084	1954	505	14628	0.0488954368857032	743	47.572365848585	85.0070219655108	0.493976439120174	2	-9570000	43
20220927 015300	binary	custom	TRUE	TRUE	FALSE	-100	31	11	TRUE	763381	0.201863521593279	0.772487168191847	6339	222	6886	0.683873703720376	697	71.9627936708293	58.900256132278	9.29914182917903	12	20230000	44
20220927 015311	binary	custom	TRUE	TRUE	FALSE	-100	31	11	TRUE	763381	0.266432803279595	0.618247025043496	350	963	13023	0.186495318435508	118	8.90558913399055	35.948006593779	12.1139990793033	9	20200000	45
20220927 015326	binary	custom	TRUE	TRUE	FALSE	-100	31	48	TRUE	763381	0.110855383866424	0.604181752147606	2711	436	6929	0.838210934863425	748	25.3962956824036	41.442651831626	2.72010228279967	12	23190000	46
20220927 015343	binary	custom	TRUE	TRUE	FALSE	-100	31	80	TRUE	763381	0.165888428453739	0.344912998162306	779	406	11117	0.852266140380741	17	13.5219825314282	35.2520378141543	1.61676729672387	6	25210000	47
20220927 015431	binary	custom	TRUE	TRUE	FALSE	-100	31	179	TRUE	763381	0.0305335601625698	0.454502430565037	711	347	9639	0.80255998439319	162	2.70743086535102	68.4623581860508	1.41564276480526	8	25930000	48
20220927 015503	binary	custom	TRUE	TRUE	FALSE	-100	31	131	TRUE	763381	0.0433882272952011	0.571177091009765	4131	590	12986	0.795900846637917	18	2.27491616408468	34.1058796973238	1.9846895336756	11	24430000	49
20220927 015527	binary	custom	TRUE	TRUE	FALSE	-100	31	109	TRUE	763381	0.0593310491984039	0.285651643642652	305	775	8698	0.821316776491221	213	19.9141159565243	47.970043940639	1.54543996410045	14	25650000	50
20220927 015542	binary	custom	TRUE	TRUE	FALSE	-100	31	65	TRUE	763381	0.190223538406602	0.385292810004579	1304	633	6118	0.802576680096134	85	2.99992566961218	31.8029312193228	1.4580870496403	6	24730000	51
20220927 015557	binary	custom	TRUE	TRUE	FALSE	-100	31	61	TRUE	763381	0.105841000499469	0.260263534427035	1021	542	10332	0.826394464138876	187	1.3861263997583	75.0679835522687	11.5940911254892	11	24300000	52
20220927 015651	binary	custom	TRUE	TRUE	FALSE	-100	31	340	TRUE	763381	0.0267917566181313	0.785488053929443	869	723	9205	0.853402046815063	109	15.8000586862974	91.5867928518105	0.200766057983803	5	25430000	53
20220927 015717	binary	custom	TRUE	TRUE	FALSE	-100	31	189	TRUE	763381	0.0235990651976243	0.420163883141255	2025	569	8375	0.257196932800935	326	29.3423400048976	27.6723220157499	2.80411304459533	5	21810000	54
20220927 015906	binary	custom	TRUE	TRUE	FALSE	-100	31	572	TRUE	763381	0.00952783819542752	0.569711662498032	368	613	10583	0.822023497317235	358	18.5504137201564	8.41974092294521	2.33080004570885	4	24920000	55
20220927 020345	binary	custom	TRUE	TRUE	FALSE	-100	31	1620	TRUE	763381	0.00810697436028544	0.274674090246563	2396	738	8222	0.869489593272629	217	0.050081600241808	64.8608714046259	2.38496724662678	8	26440000	56
20220927 020524	binary	custom	TRUE	TRUE	FALSE	-100	31	319	TRUE	763381	0.00924502142796299	0.220566709174425	1544	358	8934	0.867728632897606	109	44.5791328245602	60.0927982098092	3.05050682365427	9	23900000	57
20220927 020545	binary	custom	TRUE	TRUE	FALSE	-100	31	52	TRUE	763381	0.133974544497036	0.523285048808948	1068	886	11232	0.88183400768854	424	11.8239773830185	48.2092554658663	1.10081628736125	10	24820000	58
20220927 020656	binary	custom	TRUE	TRUE	FALSE	-100	31	509	TRUE	763381	0.0346467786298204	0.242002387250271	4845	839	7317	0.745532536334752	234	10.4190224423021	62.5925792434629	0.0226719600543429	13	25130000	59
20220927 020740	binary	custom	TRUE	TRUE	FALSE	-100	31	223	TRUE	763381	0.0348708520111492	0.307141132464549	1812	284	10497	0.749677952489864	138	12.8178379428771	13.7830198117244	0.17857333767088	14	26050000	60
20220927 020804	binary	custom	TRUE	TRUE	FALSE	-100	31	133	TRUE	763381	0.0704337613450947	0.306475479308311	3322	176	7991	0.761048466326475	221	3.72833053023209	63.7326504531738	1.94170886567565	8	25540000	61
20220927 020835	binary	custom	TRUE	TRUE	FALSE	-100	31	138	TRUE	763381	0.062487285985306	0.564757909977406	2076	477	8756	0.76099203708324	400	3.28398967356446	82.5778514397928	1.04475764457944	15	25770000	62
20220927 021111	binary	custom	TRUE	TRUE	FALSE	-100	31	1115	TRUE	763381	0.00831812087865227	0.271827985299803	1888	891	10146	0.772551759937132	446	6.50404774761383	66.3563987001875	4.28863180348331	6	25310000	63
20220927 021127	binary	custom	TRUE	TRUE	FALSE	-100	31	80	TRUE	763381	0.154732005771787	0.227275609498929	1295	177	14378	0.781300286091012	456	8.73247782976711	29.7785727607263	0.362930260916241	15	23170000	64
20220927 021247	binary	custom	TRUE	TRUE	FALSE	-100	31	575	TRUE	763381	0.02985699227759	0.326262096676604	2814	827	10695	0.684492263053843	49	2.92263153529077	34.1928361048499	0.0149639584442345	14	26050000	65
20220927 021324	binary	custom	TRUE	TRUE	FALSE	-100	31	166	TRUE	763381	0.0594476299930479	0.3008133544261	3058	333	7764	0.697553229312635	310	2.58883424272817	25.8574630112439	0.129881190150756	14	25680000	66
20220927 021441	binary	custom	TRUE	TRUE	FALSE	-100	31	373	TRUE	763381	0.0394247041047886	0.412582111193158	2070	772	9458	0.732143795232514	153	0.916822496107636	32.2037253027507	0.109275203854673	11	26610000	67
20220927 021457	binary	custom	TRUE	TRUE	FALSE	-100	31	32	TRUE	763381	0.264774621538753	0.361509810663583	6297	644	9029	0.662635661076203	262	2.80889991434631	30.9163229834871	0.456998180379309	11	24590000	68
20220927 021517	binary	custom	TRUE	TRUE	FALSE	-100	31	100	TRUE	763381	0.161745457796526	0.214168472888684	1957	587	10401	0.718455575045188	38	8.37211166940655	71.7899885408953	0.219431934423575	11	25760000	69
20220927 021624	binary	custom	TRUE	TRUE	FALSE	-100	31	370	TRUE	763381	0.0419858228314089	0.295118546684499	2461	819	9467	0.768897124882339	3	7.52226527605684	39.1440903853794	0.302342306784794	15	26430000	70
20220927 021704	binary	custom	TRUE	TRUE	FALSE	-100	31	187	TRUE	763381	0.0555288004073745	0.388708009851021	2466	872	9550	0.836041956046274	63	0.157410431983724	42.4385751585804	0.0536340613230827	13	26340000	71
20220927 021729	binary	custom	TRUE	TRUE	FALSE	-100	31	202	TRUE	763381	0.0880376980181235	0.946965452788635	5188	838	10832	0.66377712640804	545	4.94216420157068	54.2263866240091	0.273909310713202	13	24980000	72
20220927 021754	binary	custom	TRUE	TRUE	FALSE	-100	31	157	TRUE	763381	0.0751056005165552	0.527354666479329	6577	788	11407	0.563663646514673	556	2.09017341609522	45.4971425775971	1.07540712062339	3	24870000	73
20220927 021919	binary	custom	TRUE	TRUE	FALSE	-100	31	675	TRUE	763381	0.014306632432617	0.668948712080618	6657	872	10349	0.643146932694395	46	14.9301640395868	9.69572099413861	0.194286144991001	5	25310000	74
20220927 022034	binary	custom	TRUE	TRUE	FALSE	-100	31	576	TRUE	763381	0.00979359278920118	0.675654028033133	7305	595	13223	0.622468312949916	520	6.15267691059506	34.2037041339451	1.82691571070594	12	22840000	75
20220927 022104	binary	custom	TRUE	TRUE	FALSE	-100	31	150	TRUE	763381	0.0843919912814415	0.744167712936613	3595	820	9372	0.692369633130391	9	8.80758372083622	55.6480582555562	0.184258429230518	4	25900000	76
20220927 022130	binary	custom	TRUE	TRUE	FALSE	-100	31	164	TRUE	763381	0.133833634330518	0.453825917874094	3959	1007	9701	0.627605296613065	291	2.90481680567148	36.1349236417258	0.147330900580747	7	25560000	77
20220927 022141	binary	custom	TRUE	TRUE	FALSE	-100	31	50	TRUE	763381	0.170945559513431	0.725872324299737	4212	881	11186	0.511532183610269	359	15.1975420816041	17.4835355458635	1.18564950774783	4	23390000	78
20220927 022257	binary	custom	TRUE	TRUE	FALSE	-100	31	580	TRUE	763381	0.0225596925410179	0.405115788617654	5645	859	7805	0.663660211370037	137	1.53996314112014	83.5429568620129	1.23938626789544	7	25590000	79
20220927 022310	binary	custom	TRUE	TRUE	FALSE	-100	31	52	TRUE	763381	0.153894240105138	0.684448421294245	7741	1023	6472	0.677897045814039	563	7.37932644153685	55.1684815935032	1.16851419813244	6	24020000	80
20220927 022342	binary	custom	TRUE	TRUE	FALSE	-100	31	138	TRUE	763381	0.09449976264279	0.251046676893154	3136	598	8533	0.747374436176192	52	1.14671014094848	4.19438644788262	0.0175598725807581	7	26700000	81
20220927 022420	binary	custom	TRUE	TRUE	FALSE	-100	31	306	TRUE	763381	0.082171228673725	0.22653247872953	4198	815	10674	0.672748482122619	246	11.2150686306125	33.0325803658021	0.0113783716968324	4	25540000	82
20220927 022431	binary	custom	TRUE	TRUE	FALSE	-100	31	85	TRUE	763381	0.103643113315805	0.742792281177756	4607	41	13243	0.288594774811213	156	20.2726003952625	79.8883786370644	1.11134107982843	10	20960000	83
20220927 022450	binary	custom	TRUE	TRUE	FALSE	-100	31	96	TRUE	763381	0.107624984718288	0.44597031790732	3611	1003	10652	0.71572988534806	65	6.96928149470277	5.49976688534233	1.08072393118762	9	25340000	84
20220927 022522	binary	custom	TRUE	TRUE	FALSE	-100	31	124	TRUE	763381	0.0871987586361113	0.647353915055957	2663	645	10202	0.753080012599617	198	23.1841140692899	48.7347374301031	0.17841409850907	6	24640000	85
20220927 022550	binary	custom	TRUE	TRUE	FALSE	-100	31	240	TRUE	763381	0.110480350291504	0.848765716674747	4965	712	9221	0.613460155376218	296	2.54425148679553	68.4773291595395	0.145169126715493	2	25480000	86
20220927 022614	binary	custom	TRUE	TRUE	FALSE	-100	31	83	TRUE	763381	0.0684750297858398	0.20062693952485	2946	756	8221	0.854411461664171	164	0.207333975105187	10.8141090811973	0.160220350654904	2	26440000	87
20220927 022703	binary	custom	TRUE	TRUE	FALSE	-100	31	241	TRUE	763381	0.0694876517143403	0.230351039242062	1690	467	8546	0.836164103893904	201	0.866657356420053	20.1839819664781	0.220294696829374	8	26510000	88
20220927 022734	binary	custom	TRUE	TRUE	FALSE	-100	31	97	TRUE	763381	0.0895563938114509	0.445734265464158	1153	436	8476	0.66574846403701	29	0.0101007695458883	16.2698980527548	0.0783698263738725	3	26970000	89
20220927 022800	binary	custom	TRUE	TRUE	FALSE	-100	31	115	TRUE	763381	0.124997222006761	0.379632232574671	3226	497	8420	0.65529175439156	1	0.136872267515097	6.21505185285187	0.219492128133201	7	26440000	90
20220927 022823	binary	custom	TRUE	TRUE	FALSE	-100	31	43	TRUE	763381	0.10042972891536	0.470850967786046	91	806	8986	0.677118686968227	23	0.0397316355409696	7.68299839124226	0.859538772209212	7	25710000	91
20220927 022841	binary	custom	TRUE	TRUE	FALSE	-100	31	92	TRUE	763381	0.0638103243022722	0.772182120968187	2115	250	9207	0.687662927384549	102	0.378481971951977	10.8283707881074	1.7848547021673	3	25830000	92
20220927 022921	binary	custom	TRUE	TRUE	FALSE	-100	31	129	TRUE	763381	0.0422256720078937	0.733678795633598	685	424	11035	0.640822644501261	187	0.51637754166999	56.0306438418964	0.0976290455252048	3	25290000	93
20220927 022929	binary	custom	TRUE	TRUE	FALSE	-100	31	21	TRUE	763381	0.0792788484806017	0.818712331463531	664	932	14834	0.209989095574289	273	58.2044743359136	40.4192300348581	6.48462381981234	2	19060000	94
20220927 023008	binary	custom	TRUE	TRUE	FALSE	-100	31	209	TRUE	763381	0.0307117208629222	0.392352852014435	479	416	7213	0.722105895260244	196	1.51658009375899	50.2676221791898	3.41170625021278	2	25340000	95
20220927 023028	binary	custom	TRUE	TRUE	FALSE	-100	31	83	TRUE	763381	0.133549395305249	0.464033163502605	1800	504	9274	0.580187751626955	560	0.203053597440274	11.7942655361699	0.591473301336347	2	25460000	96
20220927 023055	binary	custom	TRUE	TRUE	FALSE	-100	31	127	TRUE	763381	0.0619111694887856	0.458318159368342	6703	309	8381	0.863460368348828	105	0.750472558451711	26.7082307877184	4.87242748690509	3	25160000	97
20220927 023123	binary	custom	TRUE	TRUE	FALSE	-100	31	106	TRUE	763381	0.0529603306447339	0.48112517605279	3422	581	9256	0.899122043295701	67	7.18804906337957	19.9628091625399	6.22233096782688	3	24690000	98
20220927 023147	binary	custom	TRUE	TRUE	FALSE	-100	31	118	TRUE	763381	0.141293846089571	0.731314072770623	2088	821	11584	0.593203843927792	2	0.846822615534223	44.6192909326113	0.905590524756493	1	25240000	99
20220927 023210	binary	custom	TRUE	TRUE	FALSE	-100	31	155	TRUE	763381	0.0324765817296451	0.408083133178364	6275	987	8950	0.314980564378521	785	2.20029947876107	54.4170720903522	7.66560477820624	11	22980000	100
20220927 023254	binary	custom	TRUE	TRUE	FALSE	-100	31	226	TRUE	763381	0.0521194982506686	0.993887631146405	6686	454	6621	0.749217241317459	138	0.16961229365808	27.1485941385986	0.911985550688117	9	25480000	101
20220927 023317	binary	custom	TRUE	TRUE	FALSE	-100	31	102	TRUE	763381	0.141872736753879	0.327966641296572	7617	336	6926	0.777800285882557	1	0.398821094567016	75.405122138029	0.156155248201681	3	25350000	102
20220927 023356	binary	custom	TRUE	TRUE	FALSE	-100	31	161	TRUE	763381	0.0544637403667629	0.377203758697922	6236	243	7861	0.765664612690872	2	0.159616718924457	5.94587570444236	0.129825118216138	13	25320000	103
20220927 023419	binary	custom	TRUE	TRUE	FALSE	-100	31	135	TRUE	763381	0.135208447490677	0.306354887764965	1546	733	7195	0.584821194326873	222	0.0403339194845101	75.1676595811556	0.0917100740378828	5	24970000	104
20220927 023657	binary	custom	TRUE	TRUE	FALSE	-100	31	1147	TRUE	763381	0.0122952524060553	0.592397202929472	7509	474	7891	0.722961446140574	65	0.454538674632923	24.8164066704915	0.224391205239068	2	25820000	105
20220927 023717	binary	custom	TRUE	TRUE	FALSE	-100	31	93	TRUE	763381	0.125669669555488	0.739810752710765	5909	830	5976	0.592534521814035	725	5.44391086128367	3.91596354170803	0.531605265450567	5	24450000	106
20220927 023726	binary	custom	TRUE	TRUE	FALSE	-100	31	29	TRUE	763381	0.17470263972315	0.636623450077834	3013	959	9316	0.356183665522145	642	11.3741148168976	66.4043693477978	2.9692867168773	4	22730000	107
20220927 023806	binary	custom	TRUE	TRUE	FALSE	-100	31	244	TRUE	763381	0.0389608691045699	0.734425075863754	6589	591	7789	0.804171293154595	409	1.30734348626679	13.1000692799128	0.275870142833736	1	25550000	108
20220927 023853	binary	custom	TRUE	TRUE	FALSE	-100	31	292	TRUE	763381	0.0646229648904597	0.213596513507796	2990	366	8858	0.812863360336302	3	0.027593969545188	28.1804388155295	1.06071077144809	1	26610000	109
20220927 024003	binary	custom	TRUE	TRUE	FALSE	-100	31	337	TRUE	763381	0.0184539449199584	0.371685404217339	7033	706	6775	0.810127861549129	12	4.79925186509816	44.645374198247	8.61342666944478	4	24130000	110
20220927 024011	binary	custom	TRUE	TRUE	FALSE	-100	31	25	TRUE	763381	0.167425900522869	0.702300908477731	5171	100	11178	0.25027830015241	480	2.31111131552291	20.2393561962524	14.2529942320416	5	22210000	111
20220927 024125	binary	custom	TRUE	TRUE	FALSE	-100	31	671	TRUE	763381	0.0237145671151569	0.945971953712345	3584	470	8832	0.864313529742567	460	0.199105222943371	55.6430845976085	1.33319575066223	3	26740000	112
20220927 024707	binary	custom	TRUE	TRUE	FALSE	-100	31	1679	TRUE	763381	0.00572393373290518	0.557898625356698	1861	772	8076	0.855471932697937	487	2.91796883180667	78.9966035423514	0.0753608331031286	1	26970000	113
20220927 024721	binary	custom	TRUE	TRUE	FALSE	-100	31	18	TRUE	763381	0.109839872148115	0.26006275078907	899	1008	10868	0.223380512272113	643	13.4649302386972	7.52714017714482	14.6330453065222	7	21150000	114
20220927 024803	binary	custom	TRUE	TRUE	FALSE	-100	31	253	TRUE	763381	0.0356096010225305	0.716384615640028	2907	822	8232	0.860563859921949	492	0.235781928461849	33.1860996713652	1.1645264484569	5	26500000	115
20220927 024919	binary	custom	TRUE	TRUE	FALSE	-100	31	515	TRUE	763381	0.0143097595671477	0.941842835500807	791	658	9299	0.85140239711697	509	0.0442698543572231	78.5819338487676	4.86514341080635	10	25090000	116
20220927 024959	binary	custom	TRUE	TRUE	FALSE	-100	31	201	TRUE	763381	0.0407412387411319	0.584319794860339	2330	555	8451	0.862860751554508	365	0.0340691797521794	54.4657056303836	3.04287606299083	2	26140000	117
20220927 025417	binary	custom	TRUE	TRUE	FALSE	-100	31	2168	TRUE	763381	0.00704713320043674	0.806725430755336	2379	924	9014	0.890988758277164	668	0.279286564388213	85.8119750569903	1.21322941055637	2	26700000	118
20220927 030033	binary	custom	TRUE	TRUE	FALSE	-100	31	2438	TRUE	763381	0.00555681392465531	0.386826966466539	5872	473	7934	0.882207418346002	543	2.39247219633742	83.6443166258299	0.201008483642062	3	25980000	119
20220927 030230	binary	custom	TRUE	TRUE	FALSE	-100	31	933	TRUE	763381	0.0139274717765975	0.863377846229246	5933	377	9084	0.772816341338907	749	0.293266292698398	89.9061383643992	0.0788828861118817	8	25520000	120
20220927 030632	binary	custom	TRUE	TRUE	FALSE	-100	31	1621	TRUE	763381	0.00924238278611386	0.710027603537794	2554	756	9735	0.869999064911489	499	0.120447494035679	76.8097914911773	0.0375331284677691	3	26370000	121
20220927 030735	binary	custom	TRUE	TRUE	FALSE	-100	31	416	TRUE	763381	0.0324539823057491	0.978321682660257	2354	879	5721	0.88589609605631	501	1.40007322549856	93.9268908899563	0.360067316331962	3	24880000	122
20220927 031036	binary	custom	TRUE	TRUE	FALSE	-100	31	1013	TRUE	763381	0.00725410976094319	0.786188406750128	2345	977	8587	0.842379524923152	782	0.0280092092090925	71.7497518243471	0.201335018678118	4	26430000	123
20220927 031607	binary	custom	TRUE	TRUE	FALSE	-100	31	1486	TRUE	763381	0.00517740501049976	0.557857269952988	1906	935	8680	0.870585763562109	662	0.320378771549418	53.5535824523969	0.153009183623433	1	26720000	124
20220927 031633	binary	custom	TRUE	TRUE	FALSE	-100	31	137	TRUE	763381	0.150786112769043	0.627120643222696	2889	802	10448	0.592701487769445	827	0.189555362552669	92.8737341736973	0.231889214446141	10	25830000	125
20220927 031703	binary	custom	TRUE	TRUE	FALSE	-100	31	99	TRUE	763381	0.242149177897629	0.681578046589515	1890	844	10007	0.621961384526315	772	3.13586929476037	52.2359809865853	0.105612449804846	1	25350000	126
20220927 031719	binary	custom	TRUE	TRUE	FALSE	-100	31	97	TRUE	763381	0.208050323360332	0.260364006151214	7416	442	9309	0.601922694201931	824	1.72725429692402	81.9199923939745	0.812205621544632	4	24830000	127
20220927 031731	binary	custom	TRUE	TRUE	FALSE	-100	31	49	TRUE	763381	0.148369560446593	0.617290512844338	1989	955	9054	0.54005553396439	912	0.157150189158269	61.2367171454436	2.16020649087085	3	24940000	128
20220927 031847	binary	custom	TRUE	TRUE	FALSE	-100	31	441	TRUE	763381	0.0313127403263874	0.935898042402837	786	694	8099	0.772322471135364	685	0.408243821992569	59.617440894796	0.170459304823207	3	26450000	129
20220927 032041	binary	custom	TRUE	TRUE	FALSE	-100	31	901	TRUE	763381	0.0165471030076972	0.844682703220246	1770	760	8818	0.691567467381477	690	0.26946580746047	92.0817029184713	0.471388921496191	3	25810000	130
20220927 032133	binary	custom	TRUE	TRUE	FALSE	-100	31	390	TRUE	763381	0.052422700162429	0.93757027909159	2588	700	8075	0.854265324283149	678	1.43506460169492	78.2756482812028	0.516724127823235	1	26890000	131
20220927 032244	binary	custom	TRUE	TRUE	FALSE	-100	31	566	TRUE	763381	0.0190852595274852	0.914750841808418	2436	908	8235	0.809312884853685	608	1.95611767115259	89.9528348297709	2.21577122987247	1	26010000	132
20220927 032402	binary	custom	TRUE	TRUE	FALSE	-100	31	531	TRUE	763381	0.0348852589460033	0.383749652683001	1629	913	10963	0.734120458031148	787	9.07878666823335	25.0230940857163	0.0298958026961781	12	2.6e+07	133
20220927 032704	binary	custom	TRUE	TRUE	FALSE	-100	31	1501	TRUE	763381	0.0183614262854941	0.36733799583721	1506	637	8799	0.659274779219972	693	9.02911920827007	45.9558310087241	0.0291016408539555	9	26890000	134
20220927 032952	binary	custom	TRUE	TRUE	FALSE	-100	31	1156	TRUE	763381	0.0138524902335635	0.404338657435974	2368	929	10077	0.615359972872453	776	0.0260658877390427	18.8185451800951	0.342208926779466	4	26490000	135
20220927 033048	binary	custom	TRUE	TRUE	FALSE	-100	31	381	TRUE	763381	0.0483428111028906	0.608626343570566	2670	256	10098	0.668880087961434	853	0.259972309353864	52.4103211291397	0.21677734598234	9	26050000	136
20220927 033147	binary	custom	TRUE	TRUE	FALSE	-100	31	256	TRUE	763381	0.0260221129747175	0.431393626434429	2425	771	9264	0.69739485094473	732	0.0975873708661103	9.95370761129153	0.292770320882136	3	26360000	137
20220927 033203	binary	custom	TRUE	TRUE	FALSE	-100	31	64	TRUE	763381	0.124312463889828	0.269764854698635	1004	786	10464	0.643934448976437	751	0.285122464615591	24.5455381270074	1.10813798266697	10	25720000	138
20220927 033243	binary	custom	TRUE	TRUE	FALSE	-100	31	220	TRUE	763381	0.0274507005663743	0.86623717252997	1218	736	8867	0.899510308745896	904	9.37545104855343	48.5047945642487	1.06491506926248	1	25710000	139
20220927 033946	binary	custom	TRUE	TRUE	FALSE	-100	31	2793	TRUE	763381	0.0050101038105067	0.851214325801137	1547	810	8409	0.857033118904692	639	2.1649536156962	79.9342361016738	0.101574323855972	2	26230000	140
20220927 034031	binary	custom	TRUE	TRUE	FALSE	-100	31	256	TRUE	763381	0.0255130297464643	0.906285456992307	7453	807	8498	0.894755926228244	756	2.39164026890193	47.9973883568171	4.33804112117996	2	25090000	141
20220927 034055	binary	custom	TRUE	TRUE	FALSE	-100	31	146	TRUE	763381	0.165481936285505	0.975852120665527	3515	93	8606	0.832429405039513	462	0.105062057996646	86.6107150581548	0.328606417369291	1	26070000	142
20220927 034138	binary	custom	TRUE	TRUE	FALSE	-100	31	264	TRUE	763381	0.0754523448883256	0.571078033549011	2421	909	8463	0.75445970957427	850	0.258397088333081	75.9214480354044	0.739979732943052	1	26120000	143
20220927 034204	binary	custom	TRUE	TRUE	FALSE	-100	31	100	TRUE	763381	0.0818781150469381	0.560032437614507	2257	964	8877	0.896391207282408	828	3.18977520993615	82.7703736588133	2.8418719899013	1	25370000	144
