Feature	Gain	Cover	Frequency
pesos_fe_suma_menos_tarjetas	0.276353764607255	0.0284516620325187	0.026817018857197
ctrx_quarter	0.0782831223924774	0.0140518987002989	0.0159196437032124
cpayroll_trx	0.0705484827071982	0.0149334212512284	0.00435895006159386
mcuentas_saldo	0.0300276790040727	0.0173082912061553	0.0227423481474462
mpasivos_margen	0.0291290123701396	0.0101245084576016	0.0162986828390031
mtarjeta_visa_consumo	0.028820930513699	0.00994649821109501	0.01108689472188
mrentabilidad_annual	0.02570625214769	0.0332204289856242	0.0349663602766986
mpayroll	0.0256388672799351	0.0190771859608122	0.00559082725291386
mcaja_ahorro	0.0255157375781148	0.0115662416662408	0.0189519567895385
mprestamos_personales	0.024719418601372	0.0345306324376702	0.0126978110489908
Visa_mpagominimo	0.0171793830966732	0.0200103227070997	0.0213209513882308
mcomisiones_mantenimiento	0.0138528481511108	0.0152183485020032	0.0139296882403108
mautoservicio	0.0136500043231951	0.0101091337356399	0.00947597839476926
Visa_msaldopesos	0.0136371192925257	0.0116613702839063	0.0162039230550554
ctarjeta_visa_transacciones	0.0123956912939004	0.0081681641689848	0.01108689472188
mactivos_margen	0.0119591697604284	0.0251477398604435	0.0251113427461385
Visa_status	0.0115137260831819	0.0363070792821491	0.00957073817871695
Visa_fechaalta	0.0111661082618926	0.0248234618996178	0.0258694210177201
mcuenta_corriente	0.0102317938340782	0.0172095135664963	0.0230266274992893
ccomisiones_otras	0.00975583570462351	0.00959081424633086	0.0119397327774093
cdescubierto_preacordado	0.00930265555459706	0.0108610995093181	0.00473798919738463
cliente_edad	0.00914472061836027	0.0241342553450716	0.0330711645977447
mrentabilidad	0.00909977213085142	0.0159597334316189	0.0196152752771724
cociente_fe_01	0.0087218396999772	0.0286314835928358	0.0286174547522032
ctarjeta_debito_transacciones	0.00854868590228069	0.00408804948860375	0.00578034682080925
Master_fechaalta	0.008442303849261	0.0182910592705693	0.025585141665877
cociente_fe_02	0.00816847196931023	0.0110172618140155	0.0230266274992893
cociente_fe_03	0.00722304073515099	0.0120430790999223	0.0185729176537478
Master_status	0.00688243360122402	0.0177693679001778	0.00521178811712309
Master_Fvencimiento	0.00678285341217063	0.018061052110304	0.0270065384250924
Visa_msaldototal	0.00669701973869909	0.0186073958245792	0.0165829621908462
Visa_Fvencimiento	0.00658044523667704	0.0117008628637092	0.0215104709561262
ccajas_consultas	0.00644153045611437	0.0139975460887974	0.00492750876528002
chomebanking_transacciones	0.00640781823701665	0.0121272078628624	0.0192362361413816
cproductos	0.00612626192518469	0.0110567148022597	0.0141192078082062
mcomisiones	0.0060784135340208	0.0112751579280882	0.0142139675921539
cprestamos_personales	0.00586462863478836	0.0125057163612169	0.0051170283331754
numero_de_cliente	0.00580724388494268	0.0147025199815957	0.0212261916042831
ccaja_seguridad	0.00552628049612412	0.0249279506216191	0.00672794466028617
Master_mfinanciacion_limite	0.00548499409917871	0.00976067193104185	0.0201838339808585
cliente_antiguedad	0.00537120611442301	0.0113338161215982	0.0193309959253293
ctarjeta_master	0.00466845421433565	0.00165349525893724	0.00104235762342462
Visa_mpagospesos	0.00443351993983054	0.0101246404294639	0.0175305600303231
mcomisiones_otras	0.00431441647410229	0.00933409268183294	0.0125082914810954
mtransferencias_recibidas	0.00422054327267213	0.00980835336490241	0.0133611295366247
mtarjeta_master_consumo	0.00391405563919674	0.0020282623549946	0.00217947503079693
Visa_mconsumospesos	0.00388688055336504	0.00926982898347037	0.0137401686724154
Visa_cconsumos	0.00368486581624507	0.00819043442075333	0.0136454088884677
Visa_mfinanciacion_limite	0.00346101827535007	0.007605093021159	0.0146877665118924
ccomisiones_mantenimiento	0.00342552929371567	0.0162062865641242	0.00540130768501848
thomebanking	0.0034195827590604	0.0052226148883687	0.00483274898133232
ctransferencias_recibidas	0.00331546888813097	0.00975698661678623	0.0090021794750308
mcuenta_debitos_automaticos	0.00329756194114605	0.0110741713803497	0.00909693925897849
cmobile_app_trx	0.00318811822875931	0.00854641862150428	0.0063489055244954
internet	0.00317923418234577	0.0195506845063767	0.0064436653084431
visa_fe_suma_all	0.00316831275644384	0.00543307371652613	0.0125082914810954
Visa_mconsumototal	0.00290871689606995	0.00651091101126765	0.01108689472188
Master_mlimitecompra	0.00288420883082369	0.0053552367121227	0.00938121861082157
ctarjeta_visa	0.00233109240594593	0.00379881005722722	0.00180043589500616
ccallcenter_transacciones	0.00231374659565401	0.0112597205194919	0.00473798919738463
Master_msaldopesos	0.00229870239380241	0.00735274632389738	0.00578034682080925
Visa_mlimitecompra	0.00227953564671069	0.0060631073872992	0.00994977731450772
ctarjeta_master_transacciones	0.00215598416949172	0.00165054238851756	0.00113711740737231
Visa_mconsumosdolares	0.00203125642207949	0.00778617821205788	0.00663318487633848
master_fe_suma_all	0.00193829738048342	0.00731865799185702	0.00454846962948925
mttarjeta_visa_debitos_automaticos	0.00183608585498052	0.00470354975803751	0.0076755424997631
ccajas_transacciones	0.00165363932460493	0.00242630268897421	0.00151615654316308
mcaja_ahorro_dolares	0.00163428319241595	0.00375492941300183	0.00701222401212925
mtransferencias_emitidas	0.00161034993164738	0.00615688329337577	0.00568558703686156
cextraccion_autoservicio	0.00159253444033837	0.00425980096953921	0.00483274898133232
tcallcenter	0.00154060912858162	0.00486959015663054	0.00217947503079693
Master_mpagominimo	0.00141990241796977	0.00307455837463877	0.00454846962948925
tarjetas_fe_suma_all	0.00136782870675434	0.00238990155004648	0.00397991092580309
Master_mpagospesos	0.00135693770218222	0.00982457270678302	0.00540130768501848
Master_mconsumototal	0.0013337057998675	0.00276438490659982	0.00208471524684924
Master_mconsumospesos	0.00127137155135553	0.00356353392035825	0.00360087179001232
ctransferencias_emitidas	0.00126626257558084	0.00362809455541108	0.00407467070975078
ctarjeta_debito	0.00124092070542305	0.00255097980661582	0.00331659243816924
Master_msaldototal	0.00118734716540345	0.00361188181212359	0.00464322941343694
Visa_fultimo_cierre	0.00111847392717293	0.00311430829957317	0.00416943049369847
ccuenta_debitos_automaticos	0.0011060234329315	0.00319220139201809	0.00360087179001232
mpagomiscuentas	0.00105696099056141	0.00305097830213659	0.00416943049369847
cseguro_vida	0.000950506951187078	0.00703146412434663	0.00217947503079693
mextraccion_autoservicio	0.00084213204186377	0.00201779698631167	0.00303231308632616
ccaja_ahorro	0.000827723038547602	0.00503905852434765	0.00274803373448309
Master_fultimo_cierre	0.000804392698695415	0.00157444741269692	0.00180043589500616
pesos_fe_suma_all	0.000802976599818343	0.00315080511810109	0.00360087179001232
matm_other	0.000749157976880814	0.00555901776404614	0.00274803373448309
ctarjeta_visa_debitos_automaticos	0.000730391323389856	0.00198184785101242	0.00274803373448309
cpagomiscuentas	0.000694434539069906	0.00202364004051642	0.00246375438264001
ccajas_extracciones	0.000651169752190378	0.0101886302862121	0.00246375438264001
Master_cconsumos	0.00053774312877428	0.0012750791408864	0.00170567611105847
Visa_msaldodolares	0.000448643590730655	0.00171060608236142	0.00161091632711077
matm	0.000363014963664101	0.0011351064844005	0.00142139675921539
tcuentas	0.000351588312618634	0.00614547762517373	0.00151615654316308
Visa_mpagado	0.000317546556218549	0.00129361458895094	0.0013266369752677
catm_trx_other	0.000287332000280744	0.00143000420937452	0.00151615654316308
Visa_mpagosdolares	0.000283269031002018	0.000907491314139909	0.00142139675921539
catm_trx	0.000263418758340113	0.000733945015876743	0.00113711740737231
mtarjeta_visa_descuentos	0.000207332854353065	0.00126380874384325	0.000758078271581541
Master_msaldodolares	0.00016320213768802	0.000507738645246543	0.00037903913579077
tmobile_app	0.000118217524707153	0.00100869393676922	0.000473798919738463
active_quarter	0.000114656565986465	8.79295525752672e-05	9.47597839476926e-05
Visa_madelantopesos	0.000110975851220333	0.000378666864589268	0.000189519567895385
Master_delinquency	0.000107490023149301	0.000175796418515927	0.000189519567895385
cseguro_vivienda	8.0859270911098e-05	0.000456649038041259	0.000663318487633848
ctarjeta_master_debitos_automaticos	3.63195468975065e-05	6.92654319449612e-05	9.47597839476926e-05
Visa_delinquency	1.8731228393006e-05	0.000356060084571793	0.000189519567895385
mplazo_fijo_dolares	1.65488402883014e-05	6.78731287973584e-05	9.47597839476926e-05
Visa_cadelantosefectivo	1.40399405559558e-05	0.000207176028081923	9.47597839476926e-05
Master_mpagado	6.27829512890869e-06	7.67911273944447e-05	9.47597839476926e-05
