fecha	objective	metric	first_metric_only	boost_from_average	feature_pre_filter	verbosity	max_depth	min_gain_to_split	lambda_l1	lambda_l2	max_bin	num_iterations	force_row_wise	seed	learning_rate	feature_fraction	min_data_in_leaf	num_leaves	envios	ganancia	iteracion
20220930 062902	binary	custom	TRUE	TRUE	FALSE	-100	-1	0	0	0	31	62	TRUE	763381	0.0852675700273365	0.571486721597484	4506	588	5622	23960000	1
20220930 062934	binary	custom	TRUE	TRUE	FALSE	-100	-1	0	0	0	31	120	TRUE	763381	0.163355231039319	0.859774574691488	3871	789	10567	24150000	2
20220930 062949	binary	custom	TRUE	TRUE	FALSE	-100	-1	0	0	0	31	14	TRUE	763381	0.172359017285064	0.532163597504143	2791	172	11346	23790000	3
20220930 063006	binary	custom	TRUE	TRUE	FALSE	-100	-1	0	0	0	31	63	TRUE	763381	0.143110738833237	0.302802223313786	4283	645	7937	23970000	4
20220930 063109	binary	custom	TRUE	TRUE	FALSE	-100	-1	0	0	0	31	334	TRUE	763381	0.0325870889877784	0.262269329908793	6945	1015	6804	24640000	5
20220930 063122	binary	custom	TRUE	TRUE	FALSE	-100	-1	0	0	0	31	11	TRUE	763381	0.269744840058952	0.651746180897986	712	308	8746	22590000	6
20220930 063201	binary	custom	TRUE	TRUE	FALSE	-100	-1	0	0	0	31	52	TRUE	763381	0.217559294390143	0.411328999604646	5521	105	14331	22460000	7
20220930 063243	binary	custom	TRUE	TRUE	FALSE	-100	-1	0	0	0	31	355	TRUE	763381	0.0554407846994465	0.0869549141865107	4899	464	6155	23850000	8
20220930 063257	binary	custom	TRUE	TRUE	FALSE	-100	-1	0	0	0	31	37	TRUE	763381	0.235440994211962	0.901365630990965	3266	420	13577	22130000	9
20220930 063338	binary	custom	TRUE	TRUE	FALSE	-100	-1	0	0	0	31	421	TRUE	763381	0.0957490539246937	0.0284548519572709	2290	840	9380	23400000	10
20220930 063355	binary	custom	TRUE	TRUE	FALSE	-100	-1	0	0	0	31	33	TRUE	763381	0.126956001682766	0.49977560595402	7585	547	14922	20960000	11
20220930 063427	binary	custom	TRUE	TRUE	FALSE	-100	-1	0	0	0	31	184	TRUE	763381	0.114862244412862	0.953352714717353	50	98	11858	23170000	12
20220930 063448	binary	custom	TRUE	TRUE	FALSE	-100	-1	0	0	0	31	66	TRUE	763381	0.292668456544541	0.157796463592199	3050	306	12818	22450000	13
20220930 063502	binary	custom	TRUE	TRUE	FALSE	-100	-1	0	0	0	31	23	TRUE	763381	0.192875407792791	0.832730280133791	1773	958	8356	24170000	14
20220930 063517	binary	custom	TRUE	TRUE	FALSE	-100	-1	0	0	0	31	92	TRUE	763381	0.276076659105893	0.775917175294715	7645	765	12259	23330000	15
20220930 063738	binary	custom	TRUE	TRUE	FALSE	-100	-1	0	0	0	31	938	TRUE	763381	0.00970949898429681	0.204417021048523	5645	31	10171	24620000	16
20220930 063810	binary	custom	TRUE	TRUE	FALSE	-100	-1	0	0	0	31	103	TRUE	763381	0.0722156693981378	0.392215098767332	941	395	5371	23020000	17
20220930 063827	binary	custom	TRUE	TRUE	FALSE	-100	-1	0	0	0	31	102	TRUE	763381	0.252193411461881	0.139918740326725	6526	919	9735	23410000	18
20220930 063912	binary	custom	TRUE	TRUE	FALSE	-100	-1	0	0	0	31	147	TRUE	763381	0.0308812762128888	0.639005322253169	1501	693	13259	23170000	19
20220930 063922	binary	custom	TRUE	TRUE	FALSE	-100	-1	0	0	0	31	31	TRUE	763381	0.206447796676983	0.704295019429491	6015	231	7187	24510000	20
20220930 064018	binary	custom	TRUE	TRUE	FALSE	-100	-1	0	0	0	31	310	TRUE	763381	0.0258493564924808	0.998248154453538	5979	973	7199	24490000	21
20220930 064050	binary	custom	TRUE	TRUE	FALSE	-100	-1	0	0	0	31	163	TRUE	763381	0.0645344742011325	0.56401775590247	7973	26	7605	24550000	22
20220930 064109	binary	custom	TRUE	TRUE	FALSE	-100	-1	0	0	0	31	157	TRUE	763381	0.103964938434273	0.916292108680718	6216	6	9844	24320000	23
20220930 064128	binary	custom	TRUE	TRUE	FALSE	-100	-1	0	0	0	31	109	TRUE	763381	0.1775803011239	0.659055916107919	7983	1024	6270	24100000	24
20220930 065931	binary	custom	TRUE	TRUE	FALSE	-100	-1	0	0	0	31	8845	TRUE	763381	0.00120290593337686	0.547184728514756	6784	178	7511	24420000	25
20220930 065955	binary	custom	TRUE	TRUE	FALSE	-100	-1	0	0	0	31	129	TRUE	763381	0.209335952601389	0.244815093420239	6796	4	7047	23350000	26
20220930 070010	binary	custom	TRUE	TRUE	FALSE	-100	-1	0	0	0	31	40	TRUE	763381	0.148597145888954	0.89085157685387	6410	418	7596	24970000	27
20220930 070022	binary	custom	TRUE	TRUE	FALSE	-100	-1	0	0	0	31	47	TRUE	763381	0.181842101339444	0.998674961324587	6135	691	7729	24150000	28
20220930 070036	binary	custom	TRUE	TRUE	FALSE	-100	-1	0	0	0	31	58	TRUE	763381	0.130168270960879	0.902729683748949	7997	303	7537	24290000	29
20220930 070051	binary	custom	TRUE	TRUE	FALSE	-100	-1	0	0	0	31	40	TRUE	763381	0.162477170586164	0.962143599636946	5095	381	7046	24870000	30
20220930 070103	binary	custom	TRUE	TRUE	FALSE	-100	-1	0	0	0	31	41	TRUE	763381	0.177562917241081	0.834051148018304	6067	448	7068	24430000	31
20220930 070113	binary	custom	TRUE	TRUE	FALSE	-100	-1	0	0	0	31	29	TRUE	763381	0.149803749061167	0.887052007522427	4323	9	7185	23870000	32
20220930 070144	binary	custom	TRUE	TRUE	FALSE	-100	-1	0	0	0	31	186	TRUE	763381	0.0362907491259774	0.998377255043471	6529	12	9613	24220000	33
20220930 070201	binary	custom	TRUE	TRUE	FALSE	-100	-1	0	0	0	31	61	TRUE	763381	0.146448606676494	0.999197539425575	5264	1016	6073	23620000	34
20220930 070245	binary	custom	TRUE	TRUE	FALSE	-100	-1	0	0	0	31	35	TRUE	763381	0.00763125125496936	0.00680359258511305	7995	828	8212	16060000	35
20220930 070306	binary	custom	TRUE	TRUE	FALSE	-100	-1	0	0	0	31	73	TRUE	763381	0.0818645899042178	0.983581878496383	3415	583	6947	24190000	36
20220930 070352	binary	custom	TRUE	TRUE	FALSE	-100	-1	0	0	0	31	125	TRUE	763381	0.157071584557125	0.477934933854739	952	394	7614	25180000	37
20220930 070417	binary	custom	TRUE	TRUE	FALSE	-100	-1	0	0	0	31	86	TRUE	763381	0.216586579246605	0.834933436783635	780	401	7431	23140000	38
20220930 070439	binary	custom	TRUE	TRUE	FALSE	-100	-1	0	0	0	31	81	TRUE	763381	0.148038894713294	0.547760820216124	3518	203	7685	24230000	39
20220930 070513	binary	custom	TRUE	TRUE	FALSE	-100	-1	0	0	0	31	133	TRUE	763381	0.14708923738733	0.421048085740497	838	787	7595	24410000	40
20220930 070544	binary	custom	TRUE	TRUE	FALSE	-100	-1	0	0	0	31	105	TRUE	763381	0.0540242483542986	0.790919108856952	1317	376	7492	25100000	41
20220930 070620	binary	custom	TRUE	TRUE	FALSE	-100	-1	0	0	0	31	155	TRUE	763381	0.0491384506138774	0.369890022210473	6263	370	7344	24840000	42
20220930 070636	binary	custom	TRUE	TRUE	FALSE	-100	-1	0	0	0	31	56	TRUE	763381	0.154669207579956	0.97409974387815	2184	393	6766	24230000	43
20220930 070736	binary	custom	TRUE	TRUE	FALSE	-100	-1	0	0	0	31	150	TRUE	763381	0.085492863137474	0.733570558263484	246	419	7595	24490000	44
20220930 123952	binary	custom	TRUE	TRUE	FALSE	-100	-1	0	0	0	31	396	TRUE	763381	0.0328958440263666	0.319938716120208	7978	2	10717	23050000	45
20220930 124022	binary	custom	TRUE	TRUE	FALSE	-100	-1	0	0	0	31	167	TRUE	763381	0.0859014109231629	0.781734628503081	6888	501	7047	24630000	46
20220930 124256	binary	custom	TRUE	TRUE	FALSE	-100	-1	0	0	0	31	1016	TRUE	763381	0.00785088900815676	0.753998220235747	4743	59	9932	24380000	47
20220930 124322	binary	custom	TRUE	TRUE	FALSE	-100	-1	0	0	0	31	143	TRUE	763381	0.0657048230264366	0.47436419768921	6002	2	8331	22380000	48
20220930 124345	binary	custom	TRUE	TRUE	FALSE	-100	-1	0	0	0	31	137	TRUE	763381	0.178583479238136	0.34585173682717	7972	808	7058	24530000	49
20220930 124400	binary	custom	TRUE	TRUE	FALSE	-100	-1	0	0	0	31	46	TRUE	763381	0.182495857223237	0.253061922304131	2206	80	10160	23920000	50
20220930 124417	binary	custom	TRUE	TRUE	FALSE	-100	-1	0	0	0	31	51	TRUE	763381	0.107463205645754	0.820017050734329	4500	824	6823	24440000	51
20220930 124429	binary	custom	TRUE	TRUE	FALSE	-100	-1	0	0	0	31	47	TRUE	763381	0.173148847234331	0.966032509775571	7999	556	7569	25110000	52
20220930 124440	binary	custom	TRUE	TRUE	FALSE	-100	-1	0	0	0	31	38	TRUE	763381	0.237451913115822	0.974847907439424	7998	981	7649	24230000	53
20220930 124453	binary	custom	TRUE	TRUE	FALSE	-100	-1	0	0	0	31	54	TRUE	763381	0.15773220313656	0.91545594474494	7995	454	7437	24090000	54
20220930 124511	binary	custom	TRUE	TRUE	FALSE	-100	-1	0	0	0	31	111	TRUE	763381	0.163887888493184	0.800443639291539	4200	555	7601	2.4e+07	55
20220930 125836	binary	custom	TRUE	TRUE	FALSE	-100	-1	0	0	0	31	7767	TRUE	763381	0.00126910392645181	0.861588660597465	7951	205	10279	24090000	56
20220930 125934	binary	custom	TRUE	TRUE	FALSE	-100	-1	0	0	0	31	566	TRUE	763381	0.0683170061071751	0.0285771560895359	5663	806	6940	23160000	57
20220930 125949	binary	custom	TRUE	TRUE	FALSE	-100	-1	0	0	0	31	48	TRUE	763381	0.183157337310501	0.343707322418854	7498	598	7505	24350000	58
20220930 130015	binary	custom	TRUE	TRUE	FALSE	-100	-1	0	0	0	31	183	TRUE	763381	0.0981189139448419	0.968800142461519	7874	167	6833	24500000	59
20220930 130045	binary	custom	TRUE	TRUE	FALSE	-100	-1	0	0	0	31	242	TRUE	763381	0.0871330080558968	0.72225383816116	7859	338	6157	24170000	60
20220930 130058	binary	custom	TRUE	TRUE	FALSE	-100	-1	0	0	0	31	55	TRUE	763381	0.185453109784508	0.99991354387966	7508	786	7452	24540000	61
20220930 130134	binary	custom	TRUE	TRUE	FALSE	-100	-1	0	0	0	31	183	TRUE	763381	0.076584237400595	0.547901598174057	7324	519	6869	24510000	62
20220930 130145	binary	custom	TRUE	TRUE	FALSE	-100	-1	0	0	0	31	30	TRUE	763381	0.177234709621729	0.99950567839774	5993	304	7607	24150000	63
20220930 130229	binary	custom	TRUE	TRUE	FALSE	-100	-1	0	0	0	31	361	TRUE	763381	0.0445407773377192	0.980425395074056	7934	751	7556	24970000	64
20220930 130356	binary	custom	TRUE	TRUE	FALSE	-100	-1	0	0	0	31	759	TRUE	763381	0.0221891986001986	0.958003215215528	7587	842	7114	24740000	65
20220930 130418	binary	custom	TRUE	TRUE	FALSE	-100	-1	0	0	0	31	85	TRUE	763381	0.29784281269633	0.940041565911216	1276	744	7101	23560000	66
20220930 130453	binary	custom	TRUE	TRUE	FALSE	-100	-1	0	0	0	31	191	TRUE	763381	0.0610505718107938	0.553597195118504	7986	651	6719	24170000	67
20220930 130844	binary	custom	TRUE	TRUE	FALSE	-100	-1	0	0	0	31	1268	TRUE	763381	0.00537743641403479	0.57277911297013	7416	686	10077	24010000	68
20220930 130901	binary	custom	TRUE	TRUE	FALSE	-100	-1	0	0	0	31	47	TRUE	763381	0.209992889749078	0.92514474306433	7907	873	7545	24590000	69
20220930 131342	binary	custom	TRUE	TRUE	FALSE	-100	-1	0	0	0	31	2183	TRUE	763381	0.00855158375477621	0.590516664049121	7574	990	7130	24540000	70
20220930 131413	binary	custom	TRUE	TRUE	FALSE	-100	-1	0	0	0	31	147	TRUE	763381	0.0929548225910107	0.47043466966129	7925	21	7133	24620000	71
20220930 131428	binary	custom	TRUE	TRUE	FALSE	-100	-1	0	0	0	31	87	TRUE	763381	0.246589682650486	0.974861975825168	7981	605	7723	24640000	72
20220930 131446	binary	custom	TRUE	TRUE	FALSE	-100	-1	0	0	0	31	97	TRUE	763381	0.158733572269124	0.649359963036878	7955	1023	6884	24240000	73
20220930 131530	binary	custom	TRUE	TRUE	FALSE	-100	-1	0	0	0	31	401	TRUE	763381	0.0317086414094861	0.739998466449491	5466	6	6908	23950000	74
20220930 131630	binary	custom	TRUE	TRUE	FALSE	-100	-1	0	0	0	31	349	TRUE	763381	0.041818859523831	0.476212043127214	7900	498	7180	24520000	75
20220930 131647	binary	custom	TRUE	TRUE	FALSE	-100	-1	0	0	0	31	63	TRUE	763381	0.239561950156898	0.481235840560183	7290	250	7063	24040000	76
20220930 132112	binary	custom	TRUE	TRUE	FALSE	-100	-1	0	0	0	31	1044	TRUE	763381	0.00436571280867842	0.383526175663205	2663	965	6936	24850000	77
20220930 132214	binary	custom	TRUE	TRUE	FALSE	-100	-1	0	0	0	31	119	TRUE	763381	0.10035623045558	0.361418376406575	181	801	6812	24780000	78
20220930 132250	binary	custom	TRUE	TRUE	FALSE	-100	-1	0	0	0	31	283	TRUE	763381	0.0564304940176781	0.651278798859138	7873	519	7156	24410000	79
20220930 140115	binary	custom	TRUE	TRUE	FALSE	-100	-1	0	0	0	31	113	TRUE	763381	0.112683973510716	0.955526861711584	7952	637	8020	24440000	80
20220930 140144	binary	custom	TRUE	TRUE	FALSE	-100	-1	0	0	0	31	127	TRUE	763381	0.0588436979738575	0.625526193960421	7928	461	7177	24050000	81
20220930 140506	binary	custom	TRUE	TRUE	FALSE	-100	-1	0	0	0	31	889	TRUE	763381	0.00582210396922147	0.326184117713254	3753	922	7192	25060000	82
20220930 140811	binary	custom	TRUE	TRUE	FALSE	-100	-1	0	0	0	31	723	TRUE	763381	0.00863677516899658	0.313129033934353	1092	900	6938	25170000	83
20220930 140854	binary	custom	TRUE	TRUE	FALSE	-100	-1	0	0	0	31	153	TRUE	763381	0.0286683006494783	0.32576179905773	2312	570	6993	24820000	84
20220930 141141	binary	custom	TRUE	TRUE	FALSE	-100	-1	0	0	0	31	557	TRUE	763381	0.0095352845976073	0.272888685247309	667	792	7130	24700000	85
20220930 141211	binary	custom	TRUE	TRUE	FALSE	-100	-1	0	0	0	31	102	TRUE	763381	0.0812803023301485	0.316115653884912	2019	1023	6971	24540000	86
20220930 143502	binary	custom	TRUE	TRUE	FALSE	-100	-1	0	0	0	31	5017	TRUE	763381	0.00100742242292203	0.311040958703006	929	775	6851	25020000	87
20220930 143520	binary	custom	TRUE	TRUE	FALSE	-100	-1	0	0	0	31	43	TRUE	763381	0.10986137809692	0.965780134429608	7003	667	7510	24740000	88
20220930 144119	binary	custom	TRUE	TRUE	FALSE	-100	-1	0	0	0	31	1734	TRUE	763381	0.00308597701837545	0.316816304762374	4419	785	6946	25070000	89
20220930 144434	binary	custom	TRUE	TRUE	FALSE	-100	-1	0	0	0	31	805	TRUE	763381	0.0064905355406487	0.328878282013215	5014	45	7304	25240000	90
20220930 144520	binary	custom	TRUE	TRUE	FALSE	-100	-1	0	0	0	31	144	TRUE	763381	0.0450579481474516	0.347009781655412	5094	21	7434	25380000	91
20220930 144853	binary	custom	TRUE	TRUE	FALSE	-100	-1	0	0	0	31	1107	TRUE	763381	0.00634399826699625	0.329443084976969	4407	14	7541	2.5e+07	92
20220930 144922	binary	custom	TRUE	TRUE	FALSE	-100	-1	0	0	0	31	190	TRUE	763381	0.0717428927553701	0.34524502439533	7293	2	7379	22370000	93
20220930 144953	binary	custom	TRUE	TRUE	FALSE	-100	-1	0	0	0	31	121	TRUE	763381	0.0468227665551149	0.349553306245493	5816	196	7570	25020000	94
20220930 145207	binary	custom	TRUE	TRUE	FALSE	-100	-1	0	0	0	31	568	TRUE	763381	0.00947827830885986	0.497457569053974	4018	541	6861	24840000	95
20220930 145739	binary	custom	TRUE	TRUE	FALSE	-100	-1	0	0	0	31	2583	TRUE	763381	0.0055964440949947	0.12302592796359	4006	452	7330	24620000	96
20220930 145831	binary	custom	TRUE	TRUE	FALSE	-100	-1	0	0	0	31	273	TRUE	763381	0.0367711323757905	0.42225438706139	3431	11	7455	25090000	97
20220930 150120	binary	custom	TRUE	TRUE	FALSE	-100	-1	0	0	0	31	850	TRUE	763381	0.00686071036100538	0.236330656870143	3111	693	5044	23200000	98
20220930 150156	binary	custom	TRUE	TRUE	FALSE	-100	-1	0	0	0	31	157	TRUE	763381	0.0455228889800715	0.735239292920275	5841	83	7484	24720000	99
20220930 150329	binary	custom	TRUE	TRUE	FALSE	-100	-1	0	0	0	31	527	TRUE	763381	0.0203652073925134	0.337389343227177	5937	129	7368	24790000	100
20220930 150502	binary	custom	TRUE	TRUE	FALSE	-100	-1	0	0	0	31	451	TRUE	763381	0.0152205517418168	0.267537775085342	4387	815	6837	25130000	101
20220930 150815	binary	custom	TRUE	TRUE	FALSE	-100	-1	0	0	0	31	370	TRUE	763381	0.00689202054967891	0.267955372913946	340	297	6891	24940000	102
20220930 150853	binary	custom	TRUE	TRUE	FALSE	-100	-1	0	0	0	31	92	TRUE	763381	0.0431637304067552	0.380287248636626	1607	463	7418	24850000	103
20220930 150924	binary	custom	TRUE	TRUE	FALSE	-100	-1	0	0	0	31	153	TRUE	763381	0.0960364547529201	0.51018268818297	7595	541	6954	24340000	104
20220930 151005	binary	custom	TRUE	TRUE	FALSE	-100	-1	0	0	0	31	235	TRUE	763381	0.0410068238395993	0.219552618875971	5109	184	7432	24820000	105
20220930 151037	binary	custom	TRUE	TRUE	FALSE	-100	-1	0	0	0	31	224	TRUE	763381	0.0565967078676131	0.826576507527334	5851	679	7651	24620000	106
20220930 151116	binary	custom	TRUE	TRUE	FALSE	-100	-1	0	0	0	31	170	TRUE	763381	0.0452355688840965	0.542423834104214	6536	991	7492	25020000	107
20220930 151233	binary	custom	TRUE	TRUE	FALSE	-100	-1	0	0	0	31	460	TRUE	763381	0.0203161504764626	0.337479625822923	6275	888	6967	24630000	108
20220930 151519	binary	custom	TRUE	TRUE	FALSE	-100	-1	0	0	0	31	752	TRUE	763381	0.00918791982455825	0.259312513117446	1050	801	6741	25160000	109
20220930 151854	binary	custom	TRUE	TRUE	FALSE	-100	-1	0	0	0	31	1660	TRUE	763381	0.00866399831268732	0.0757565831385701	1272	912	6846	23910000	110
20220930 152023	binary	custom	TRUE	TRUE	FALSE	-100	-1	0	0	0	31	202	TRUE	763381	0.0120876333817393	0.33258536998471	1287	608	6786	24990000	111
20220930 152523	binary	custom	TRUE	TRUE	FALSE	-100	-1	0	0	0	31	1432	TRUE	763381	0.0038253580362966	0.328479520936735	5216	435	7354	25060000	112
20220930 152618	binary	custom	TRUE	TRUE	FALSE	-100	-1	0	0	0	31	332	TRUE	763381	0.0446528779100956	0.496910460196789	7218	172	7478	24570000	113
20220930 152718	binary	custom	TRUE	TRUE	FALSE	-100	-1	0	0	0	31	383	TRUE	763381	0.0434130455290058	0.33256411162971	3071	7	7482	25040000	114
20220930 152809	binary	custom	TRUE	TRUE	FALSE	-100	-1	0	0	0	31	290	TRUE	763381	0.0393331347939352	0.349742579488477	5822	19	7348	24990000	115
20220930 152838	binary	custom	TRUE	TRUE	FALSE	-100	-1	0	0	0	31	135	TRUE	763381	0.045199557888326	0.781673939912382	3740	953	7457	24850000	116
20220930 152930	binary	custom	TRUE	TRUE	FALSE	-100	-1	0	0	0	31	198	TRUE	763381	0.0323726220688458	0.508179669198184	3256	966	7427	24750000	117
20220930 154254	binary	custom	TRUE	TRUE	FALSE	-100	-1	0	0	0	31	4429	TRUE	763381	0.00136734119927326	0.288506427738397	6662	20	7195	24570000	118
20220930 154624	binary	custom	TRUE	TRUE	FALSE	-100	-1	0	0	0	31	978	TRUE	763381	0.0088207965512844	0.417326885360581	4859	355	7282	25040000	119
20220930 154655	binary	custom	TRUE	TRUE	FALSE	-100	-1	0	0	0	31	109	TRUE	763381	0.0489708738211458	0.340318594208974	4909	158	7423	25160000	120
20220930 154855	binary	custom	TRUE	TRUE	FALSE	-100	-1	0	0	0	31	501	TRUE	763381	0.00910367011404437	0.363419946562239	3962	150	7406	25190000	121
20220930 154941	binary	custom	TRUE	TRUE	FALSE	-100	-1	0	0	0	31	169	TRUE	763381	0.0460950774287545	0.409137254732166	1260	969	7013	25180000	122
20220930 155012	binary	custom	TRUE	TRUE	FALSE	-100	-1	0	0	0	31	111	TRUE	763381	0.0464151419118609	0.360721541079285	3944	1007	7241	25280000	123
20220930 155045	binary	custom	TRUE	TRUE	FALSE	-100	-1	0	0	0	31	134	TRUE	763381	0.0465516542777269	0.35849475779572	4223	941	7434	25060000	124
20220930 155116	binary	custom	TRUE	TRUE	FALSE	-100	-1	0	0	0	31	87	TRUE	763381	0.0464974419181512	0.458522969507646	3331	1023	7180	24680000	125
20220930 155154	binary	custom	TRUE	TRUE	FALSE	-100	-1	0	0	0	31	172	TRUE	763381	0.044822329247969	0.309916050613717	2950	909	7039	24890000	126
20220930 155229	binary	custom	TRUE	TRUE	FALSE	-100	-1	0	0	0	31	104	TRUE	763381	0.0407384815825157	0.410788524675769	2297	839	6840	24880000	127
20220930 155303	binary	custom	TRUE	TRUE	FALSE	-100	-1	0	0	0	31	174	TRUE	763381	0.0372311860040645	0.74271624636974	6381	884	7592	24180000	128
20220930 155346	binary	custom	TRUE	TRUE	FALSE	-100	-1	0	0	0	31	296	TRUE	763381	0.0481351255365899	0.925867509155449	6533	623	7396	24410000	129
20220930 155420	binary	custom	TRUE	TRUE	FALSE	-100	-1	0	0	0	31	105	TRUE	763381	0.0530208127148587	0.367624032994683	1817	916	6949	25230000	130
20220930 155457	binary	custom	TRUE	TRUE	FALSE	-100	-1	0	0	0	31	245	TRUE	763381	0.0546823843957495	0.631024735731751	5013	953	7532	24860000	131
20220930 155510	binary	custom	TRUE	TRUE	FALSE	-100	-1	0	0	0	31	46	TRUE	763381	0.177599134923002	0.822766835760031	7960	862	7561	24560000	132
20220930 155526	binary	custom	TRUE	TRUE	FALSE	-100	-1	0	0	0	31	57	TRUE	763381	0.101540677195844	0.850340806242703	5072	342	7263	24920000	133
20220930 155545	binary	custom	TRUE	TRUE	FALSE	-100	-1	0	0	0	31	87	TRUE	763381	0.0929481982973209	0.830100099005277	4868	406	7534	24460000	134
20220930 155610	binary	custom	TRUE	TRUE	FALSE	-100	-1	0	0	0	31	143	TRUE	763381	0.0986372894319793	0.715370580500643	3734	55	7117	24650000	135
20220930 155653	binary	custom	TRUE	TRUE	FALSE	-100	-1	0	0	0	31	154	TRUE	763381	0.0350318552932087	0.36924718614526	1773	980	7246	25270000	136
20220930 155742	binary	custom	TRUE	TRUE	FALSE	-100	-1	0	0	0	31	63	TRUE	763381	0.032852895704738	0.368071115115505	414	965	6945	24590000	137
20220930 155816	binary	custom	TRUE	TRUE	FALSE	-100	-1	0	0	0	31	152	TRUE	763381	0.0488274897826241	0.385897739714248	5342	570	6990	25140000	138
20220930 155856	binary	custom	TRUE	TRUE	FALSE	-100	-1	0	0	0	31	152	TRUE	763381	0.0356671290823298	0.36656193267846	4779	805	7274	24820000	139
20220930 155938	binary	custom	TRUE	TRUE	FALSE	-100	-1	0	0	0	31	102	TRUE	763381	0.0455092426562023	0.36714004601173	603	975	7257	24930000	140
20220930 160025	binary	custom	TRUE	TRUE	FALSE	-100	-1	0	0	0	31	115	TRUE	763381	0.0290697032305104	0.332034968534919	2427	1021	7224	24680000	141
