Feature	Gain	Cover	Frequency
pesos_fe_suma_menos_tarjetas	0.375500327575806	0.0423599481636413	0.0432569974554707
ctrx_quarter	0.113447001572049	0.0242608056416944	0.0216284987277354
r_mpasivos_margen	0.058035222095892	0.0453090909497278	0.0432569974554707
r_mtarjeta_visa_consumo	0.0552115022130853	0.0359431364573043	0.0356234096692112
cpayroll_trx	0.0501097146633104	0.0398743447816806	0.0165394402035623
r_mcuenta_corriente	0.0470966531252064	0.0245904466436202	0.0356234096692112
mpayroll	0.0379170385854879	0.0507472912495464	0.0292620865139949
mprestamos_personales	0.0224822502490846	0.0377125408552674	0.0203562340966921
Visa_mpagominimo	0.0220409181214341	0.029550554469423	0.0419847328244275
mcomisiones_mantenimiento	0.0200529699112423	0.0245392442197137	0.0267175572519084
cdescubierto_preacordado	0.0170562811639782	0.0273454469057278	0.0114503816793893
ctarjeta_master	0.0153852868129942	0.00307803777682326	0.00254452926208651
ctarjeta_visa	0.0097908490203179	0.00589399330548626	0.00381679389312977
ccajas_consultas	0.00968931462945927	0.0258708882116985	0.0089058524173028
r_mcaja_ahorro_dolares	0.0081411407339484	0.0434556444780015	0.0279898218829517
cliente_edad	0.00802992114836474	0.0189916800124836	0.0356234096692112
ccaja_seguridad	0.00784240889735317	0.0163194011266971	0.00508905852417303
Master_fechaalta	0.00761047325769185	0.0276836470429991	0.0368956743002545
r_mcuenta_debitos_automaticos	0.007069092052146	0.0278317937387563	0.0216284987277354
Visa_fechaalta	0.00680236716121312	0.0204401803300606	0.0216284987277354
ctarjeta_visa_transacciones	0.00538047499450929	0.0174282282213944	0.0190839694656489
Visa_status	0.00531746879582412	0.0121000013816527	0.00636132315521629
ccallcenter_transacciones	0.00497462092779861	0.0174093066907345	0.00636132315521629
cproductos	0.00468342101308565	0.018403791864585	0.0127226463104326
Visa_Fvencimiento	0.00421228566877142	0.00814753490806524	0.0216284987277354
cmobile_app_trx	0.00414417243967667	0.0061979569013756	0.0127226463104326
Master_status	0.00398071185444761	0.00594219876212045	0.00381679389312977
thomebanking	0.0034876512358406	0.0067784796212321	0.0089058524173028
mautoservicio	0.00344742148410933	0.0255779219618168	0.0381679389312977
mtransferencias_recibidas	0.00332801015704012	0.00890078961452296	0.0178117048346056
cliente_antiguedad	0.00293877451368445	0.00840082943863044	0.0152671755725191
Visa_cconsumos	0.00259457772374051	0.00510650205764661	0.0114503816793893
ctransferencias_recibidas	0.00247751694948801	0.00961914743087774	0.0139949109414758
r_chomebanking_transacciones	0.00245068969816027	0.00887465504398735	0.0152671755725191
cprestamos_personales	0.00233889268514035	0.0179534594348797	0.00636132315521629
Visa_mpagospesos	0.00227216452426039	0.0086823157799775	0.0165394402035623
ccomisiones_mantenimiento	0.00222758819559908	0.00579471241508423	0.00636132315521629
master_fe_suma_all	0.00220364507769208	0.00798397160947505	0.00763358778625954
mtransferencias_emitidas	0.00217988482355157	0.0171392494618666	0.0190839694656489
Master_Fvencimiento	0.00204332082218944	0.00941936654474259	0.0152671755725191
numero_de_cliente	0.00203190909486674	0.00614810057293887	0.0139949109414758
r_Visa_mconsumospesos	0.00195746562449714	0.0137411965356277	0.0165394402035623
cextraccion_autoservicio	0.00193429146402403	0.0249019788517735	0.0229007633587786
mttarjeta_visa_debitos_automaticos	0.00190699844991054	0.00618429276245611	0.0114503816793893
tcallcenter	0.00185339497827238	0.00999186348783597	0.00381679389312977
Master_mconsumospesos	0.00174287738873096	0.00515813624802454	0.00636132315521629
internet	0.00172141870082714	0.0122814194937381	0.00636132315521629
ctarjeta_debito	0.00168631940123873	0.00487347515321106	0.00636132315521629
visa_fe_suma_all	0.00162577407798573	0.0127983201541274	0.0229007633587786
ccajas_transacciones	0.00144826931133334	0.00669273587961091	0.00381679389312977
Master_mlimitecompra	0.00142750895692443	0.00432254113566164	0.0089058524173028
Visa_mconsumosdolares	0.00138923621318878	0.00851608568847551	0.0089058524173028
ctarjeta_debito_transacciones	0.00133078614391807	0.0100864711411354	0.0152671755725191
ctransferencias_emitidas	0.00127161982846395	0.00657923209367931	0.0089058524173028
tarjetas_fe_suma_all	0.00110107310388174	0.00192169097224057	0.00381679389312977
Master_mpagominimo	0.000972264227133825	0.00273986303757973	0.00381679389312977
cseguro_vida	0.000941007571117004	0.00583768587800576	0.00254452926208651
ctarjeta_visa_debitos_automaticos	0.000854497055796437	0.00642524385154385	0.00381679389312977
mpagomiscuentas	0.000732988451600634	0.00216414054496447	0.00381679389312977
Master_msaldototal	0.000654122962412241	0.00369587019941719	0.00508905852417303
Visa_msaldodolares	0.000643307369388197	0.00427570717252494	0.00254452926208651
mtarjeta_master_consumo	0.000606783677334937	0.00586511574795566	0.00254452926208651
Visa_mfinanciacion_limite	0.000592497751326532	0.00414084364527123	0.00763358778625954
Visa_mlimitecompra	0.000574843263103609	0.00278034749378358	0.00508905852417303
mextraccion_autoservicio	0.000557214512717521	0.0108966174297115	0.0178117048346056
Master_mpagospesos	0.000526860634880427	0.0061145497783057	0.00254452926208651
matm	0.000508209123329543	0.00394174850588482	0.00508905852417303
pesos_fe_suma_all	0.00042354896564339	0.000504074656385003	0.00127226463104326
cpagomiscuentas	0.000279671328159782	0.00178266216843891	0.00254452926208651
Visa_delinquency	0.000209518217634232	0.00178327172110446	0.00127226463104326
Master_msaldopesos	0.000170233623136957	0.00102696925131897	0.00254452926208651
Visa_cadelantosefectivo	0.000135105454316012	0.00224086798674101	0.00254452926208651
catm_trx	0.000118499033603134	0.00159128802948284	0.00127226463104326
ctarjeta_master_transacciones	7.58574646271831e-05	0.000337057226023348	0.00127226463104326
