fecha	objective	metric	first_metric_only	boost_from_average	feature_pre_filter	verbosity	max_bin	num_iterations	force_row_wise	seed	learning_rate	feature_fraction	min_data_in_leaf	num_leaves	envios	bagging_fraction	bagging_freq	lambda_l1	lambda_l2	min_gain_to_split	max_depth 	ganancia	iteracion
20220929 022738	binary	custom	TRUE	TRUE	FALSE	-100	31	18	TRUE	763381	0.146301696539158	0.500563014633107	5395	455	5921	0.672474683249114	396	63.5465577727668	45.9681344920981	11.1484358862542	17	20480000	1
20220929 022749	binary	custom	TRUE	TRUE	FALSE	-100	31	32	TRUE	763381	0.082664941335732	0.8463006275325	2517	668	8283	0.462508356525839	636	81.2756644413803	97.3256130046757	7.95723723969228	20	21360000	2
20220929 022803	binary	custom	TRUE	TRUE	FALSE	-100	31	36	TRUE	763381	0.059687436999044	0.805242938535627	4323	566	7659	0.649659944789606	356	74.8794126941208	48.8517670951928	4.88202692385176	23	21490000	3
20220929 022816	binary	custom	TRUE	TRUE	FALSE	-100	31	34	TRUE	763381	0.135944324097919	0.588449693712491	3761	97	12261	0.635657740177082	512	50.6915448902884	63.0033428028376	5.36700137722794	17	22040000	4
20220929 022826	binary	custom	TRUE	TRUE	FALSE	-100	31	21	TRUE	763381	0.157763574375951	0.560217330232263	5104	538	10205	0.40094717464465	126	53.6524839868369	16.4655444410005	7.15612350925571	22	22310000	5
20220929 022831	binary	custom	TRUE	TRUE	FALSE	-100	31	4	TRUE	763381	0.235271380537623	0.938875149406323	4455	682	11362	0.105948427248224	975	66.5952750856478	43.9136817803813	3.99512074370448	13	-8880000	6
20220929 022921	binary	custom	TRUE	TRUE	FALSE	-100	31	134	TRUE	763381	0.0390168341106619	0.462466314528137	5958	387	12311	0.777682931756994	307	27.9354195087976	66.7437871866094	8.69769899222956	8	22180000	7
20220929 022943	binary	custom	TRUE	TRUE	FALSE	-100	31	101	TRUE	763381	0.0300978066832282	0.635419204691425	2085	755	5546	0.723920281227752	872	35.511621056745	38.0317963716577	10.5507904408653	9	21470000	8
20220929 022949	binary	custom	TRUE	TRUE	FALSE	-100	31	11	TRUE	763381	0.266576083234818	0.791882265177132	6162	651	11788	0.605306685228263	778	90.5458663411944	50.8395877813521	14.6217118513314	6	21550000	9
20220929 023000	binary	custom	TRUE	TRUE	FALSE	-100	31	32	TRUE	763381	0.172822195287127	0.715392374717207	6926	917	7740	0.947770074235875	256	59.6508278074173	64.468650092657	3.03603052067476	18	22920000	10
20220929 023005	binary	custom	TRUE	TRUE	FALSE	-100	31	8	TRUE	763381	0.220042291274982	0.761028717695312	874	855	13509	0.122088874020381	291	48.2796159739771	22.7437756938939	10.8985418254612	14	18110000	11
20220929 023011	binary	custom	TRUE	TRUE	FALSE	-100	31	18	TRUE	763381	0.247210636302771	0.863578036939725	1719	216	6709	0.333959583707211	709	1.84535902724473	74.7277322977822	6.49720619081446	28	22270000	12
20220929 023025	binary	custom	TRUE	TRUE	FALSE	-100	31	83	TRUE	763381	0.0559765707415433	0.72863882785155	3840	281	6545	0.577093092961592	415	25.0684503189171	99.1010178006917	12.1982942026934	27	20910000	13
20220929 023034	binary	custom	TRUE	TRUE	FALSE	-100	31	22	TRUE	763381	0.187431240105546	0.350097913455895	6858	123	13080	0.278522607707911	907	64.9335775112092	19.7295306446928	4.26746921769897	29	19520000	14
20220929 023044	binary	custom	TRUE	TRUE	FALSE	-100	31	37	TRUE	763381	0.194583444686167	0.228359179829501	6490	380	10987	0.835891395780354	243	97.3179634784724	41.9570811483282	3.66447465754618	14	20670000	15
20220929 023050	binary	custom	TRUE	TRUE	FALSE	-100	31	12	TRUE	763381	0.290414608624917	0.92100415835157	167	554	11398	0.372481154022491	468	84.6262063223631	72.0907813977855	6.22906414243863	16	21130000	16
20220929 023058	binary	custom	TRUE	TRUE	FALSE	-100	31	26	TRUE	763381	0.244733145981048	0.201129946569827	4820	345	9055	0.451726615433838	630	31.3921578282673	33.7758586924832	7.51277948243192	15	21170000	17
20220929 023103	binary	custom	TRUE	TRUE	FALSE	-100	31	12	TRUE	763381	0.211077798345809	0.450013712708923	3033	937	5258	0.155051926633194	178	42.3712385808377	25.1844188106109	12.6730556892252	7	18370000	18
20220929 023110	binary	custom	TRUE	TRUE	FALSE	-100	31	21	TRUE	763381	0.164084047238178	0.39626761589792	5067	836	11921	0.269866527489214	811	83.6811451321637	81.3427205892266	6.04159480373754	25	19840000	19
20220929 023436	binary	custom	TRUE	TRUE	FALSE	-100	31	1690	TRUE	763381	0.0061499564203603	0.702725867190483	7942	299	6287	0.743975749705848	491	11.1733077213405	52.9993854421688	2.07564879753222	20	24710000	20
20220929 023446	binary	custom	TRUE	TRUE	FALSE	-100	31	42	TRUE	763381	0.0978474429719658	0.82480718544261	3162	61	12505	0.524348040441472	977	22.9829162983235	76.5798076041058	9.65657712118589	9	21550000	21
20220929 023452	binary	custom	TRUE	TRUE	FALSE	-100	31	4	TRUE	763381	0.277418605780298	0.639673800182275	1616	735	9752	0.807606132597515	675	40.1639084408408	6.6651228831637	14.0414198955615	18	21780000	22
20220929 023505	binary	custom	TRUE	TRUE	FALSE	-100	31	51	TRUE	763381	0.213192669365063	0.256144341496243	4617	707	10271	0.914883905653998	602	17.6110093940539	82.5498149847429	3.31161632991553	3	24020000	23
20220929 023514	binary	custom	TRUE	TRUE	FALSE	-100	31	20	TRUE	763381	0.185415722578737	0.335795612154867	2718	333	13772	0.548976699316155	377	22.7149420260878	90.9751459808302	13.0549545524494	24	20380000	24
20220929 023523	binary	custom	TRUE	TRUE	FALSE	-100	31	55	TRUE	763381	0.120156400837666	0.57080220063217	7743	16	10705	0.242511551049823	36	6.66374619239822	2.34014029867678	4.49948533938661	5	22510000	25
20220929 023539	binary	custom	TRUE	TRUE	FALSE	-100	31	35	TRUE	763381	0.0321252233187393	0.687592723639682	6714	147	5004	0.359686174598372	559	57.859223226505	28.7220316119988	8.45026198059567	1	19840000	26
20220929 023603	binary	custom	TRUE	TRUE	FALSE	-100	31	90	TRUE	763381	0.0699303434501317	0.537098983683708	7635	609	14303	0.990377832378718	541	79.0574166844557	87.6913735715463	0.974891598081476	25	21400000	27
20220929 023609	binary	custom	TRUE	TRUE	FALSE	-100	31	15	TRUE	763381	0.143375521988994	0.879466199515049	2361	174	14367	0.417201186404049	451	99.1221062712205	9.6038206742747	7.48685575334306	28	19670000	28
20220929 023621	binary	custom	TRUE	TRUE	FALSE	-100	31	81	TRUE	763381	0.0748581510913738	0.971837016800418	4082	980	12797	0.22315266890429	568	18.3567471211685	56.7297324308632	1.19770169678311	26	21530000	29
20220929 023629	binary	custom	TRUE	TRUE	FALSE	-100	31	14	TRUE	763381	0.0997109844110409	0.306200095189905	1141	68	7445	0.18766210044502	209	70.1858385669394	59.6230734075182	1.56177032710655	13	20470000	30
20220929 023635	binary	custom	TRUE	TRUE	FALSE	-100	31	18	TRUE	763381	0.231538589957636	0.661502168717032	927	196	8672	0.52224951409178	201	15.6902210435398	34.2879342792812	11.7406016366676	5	22260000	31
20220929 023642	binary	custom	TRUE	TRUE	FALSE	-100	31	12	TRUE	763381	0.280056371509272	0.947627301442183	1370	1013	14000	0.849545570129759	924	56.703620423032	77.7664286395224	12.3406000920917	19	20640000	32
20220929 023647	binary	custom	TRUE	TRUE	FALSE	-100	31	1	TRUE	763381	0.254780622791388	0.904083146336912	557	428	7252	0.0753096733205243	828	92.0546405192216	12.8817218382468	11.3169812704391	2	-12100000	33
20220929 023726	binary	custom	TRUE	TRUE	FALSE	-100	31	262	TRUE	763381	0.0142029094955069	0.992255723201247	5666	893	9834	0.478292467462997	337	32.76095523113	40.7411605683865	13.564072349271	7	22100000	34
20220929 023731	binary	custom	TRUE	TRUE	FALSE	-100	31	1	TRUE	763381	0.262620242605335	0.475970335618	7275	484	5804	0.0479623417694757	14	76.7553120711399	94.699531493962	5.46233616908668	12	-9200000	35
20220929 023801	binary	custom	TRUE	TRUE	FALSE	-100	31	127	TRUE	763381	0.0516194386079653	0.616555834883316	246	436	8047	0.964588088352407	761	8.69251929781045	68.3385135476188	2.46142499139706	11	25510000	36
20220929 023815	binary	custom	TRUE	TRUE	FALSE	-100	31	36	TRUE	763381	0.114348835532252	0.429732108700343	3558	619	9416	0.880807143406662	101	94.7524049403143	90.3165782852656	9.0153228219987	3	22370000	37
20220929 023826	binary	custom	TRUE	TRUE	FALSE	-100	31	1	TRUE	763381	0.0213312496354179	0.373433892720972	3375	793	14808	0.00606984278159004	152	36.8505853746713	1.1864007443786	10.0912361520199	30	-24650000	38
20220929 023844	binary	custom	TRUE	TRUE	FALSE	-100	31	90	TRUE	763381	0.130312160571841	0.253974290183661	7443	878	9145	0.696767070615049	943	44.3159672759669	14.7778759095103	0.0209228251909578	21	23950000	39
20220929 023859	binary	custom	TRUE	TRUE	FALSE	-100	31	73	TRUE	763381	0.167068428194828	0.273028646320613	2788	248	8464	0.907222656383932	58	12.9015507311776	21.6209500169492	1.96880508839987	30	25480000	40
20220929 023907	binary	custom	TRUE	TRUE	FALSE	-100	31	22	TRUE	763381	0.086920626637928	0.310271988635544	727	797	10596	0.164989449519043	842	3.00270118289354	8.58593052632314	13.7886159089235	1	20970000	41
20220929 023913	binary	custom	TRUE	TRUE	FALSE	-100	31	8	TRUE	763381	0.295596978602963	0.402168355230242	5547	971	13300	0.314843323993713	75	86.4295417476162	29.6990717141124	14.884228297725	11	19640000	42
20220929 023920	binary	custom	TRUE	TRUE	FALSE	-100	31	36	TRUE	763381	0.107496522981118	0.52135687072084	1954	505	14628	0.043793997526209	743	47.5671749937186	85.0055375122401	0.484396076661688	4	-21010000	43
20220929 023926	binary	custom	TRUE	TRUE	FALSE	-100	31	7	TRUE	763381	0.201863521593279	0.772487168191847	6339	222	6886	0.757110032561384	697	71.9600177098066	58.8961868507069	9.29537675273532	24	20630000	44
20220929 023937	binary	custom	TRUE	TRUE	FALSE	-100	31	9	TRUE	763381	0.235526592495528	0.707461377048635	269	920	12570	0.200987836937063	29	24.4915305302126	21.8539088875727	13.9360469940238	21	20380000	45
20220929 023954	binary	custom	TRUE	TRUE	FALSE	-100	31	49	TRUE	763381	0.0959919269805379	0.524515875181845	2609	460	9482	0.932518373925002	612	35.2654247544784	59.5770939138996	5.12094279491518	23	23920000	46
20220929 024011	binary	custom	TRUE	TRUE	FALSE	-100	31	42	TRUE	763381	0.17457254697912	0.381534374760021	824	634	6076	0.90484295155043	141	7.54144736408115	23.0535919243045	1.28622665655218	10	24410000	47
20220929 024114	binary	custom	TRUE	TRUE	FALSE	-100	31	244	TRUE	763381	0.0508208261984437	0.573432781873037	3806	310	7440	0.960516123940015	184	3.90714209740358	23.9990630140434	0.0954580754452267	4	26720000	48
20220929 024132	binary	custom	TRUE	TRUE	FALSE	-100	31	57	TRUE	763381	0.185428724871928	0.393754006284117	1873	185	9815	0.968839650092309	79	14.3779965779034	40.0388455038766	0.996035577484158	14	25170000	49
20220929 024153	binary	custom	TRUE	TRUE	FALSE	-100	31	98	TRUE	763381	0.0953729356895371	0.817095150736645	4101	331	6877	0.894270270182461	214	0.531791378296136	93.5085655628289	0.165443608327319	11	25850000	50
20220929 024227	binary	custom	TRUE	TRUE	FALSE	-100	31	232	TRUE	763381	0.0402777431909129	0.710983918848952	5103	600	9087	0.876676179761523	243	2.96569248031652	7.68614534661636	1.61691947715173	17	26310000	51
20220929 024507	binary	custom	TRUE	TRUE	FALSE	-100	31	798	TRUE	763381	0.010946705537993	0.583315585611706	2732	216	10691	0.893835722246285	283	0.479397333608456	25.4511722233726	1.3005679150771	4	26380000	52
20220929 024618	binary	custom	TRUE	TRUE	FALSE	-100	31	396	TRUE	763381	0.0314264952757018	0.587168533825312	6708	229	8533	0.90917917426305	412	5.17956611993402	32.3891377115498	0.155355062225093	10	26140000	53
20220929 024631	binary	custom	TRUE	TRUE	FALSE	-100	31	64	TRUE	763381	0.173618985440574	0.970161312562678	3592	355	10857	0.916859483308542	213	8.39033009640435	8.07261220589415	0.715824563139481	9	24930000	54
20220929 024658	binary	custom	TRUE	TRUE	FALSE	-100	31	82	TRUE	763381	0.0539338933152364	0.507537145007427	4246	231	5155	0.876622345632989	422	26.1489210210813	25.1468085009505	3.59692813296141	10	22170000	55
20220929 024747	binary	custom	TRUE	TRUE	FALSE	-100	31	318	TRUE	763381	0.115754033689187	0.316687560613812	5026	517	12382	0.909136144601563	13	1.23608152492656	52.8816746288595	0.0301024309820813	16	25400000	56
20220929 025034	binary	custom	TRUE	TRUE	FALSE	-100	31	1389	TRUE	763381	0.00924614756338304	0.726270838989883	2728	708	9616	0.949502686630278	301	0.84100631423688	64.816972044685	1.75786475999486	7	26530000	57
20220929 025229	binary	custom	TRUE	TRUE	FALSE	-100	31	1021	TRUE	763381	0.0277178442713458	0.890007665675635	7330	878	9179	0.816261146375864	668	1.12151975630948	57.4964883003073	0.410457153343681	22	26130000	58
20220929 025249	binary	custom	TRUE	TRUE	FALSE	-100	31	108	TRUE	763381	0.0891739520441468	0.869150586335663	7110	842	9065	0.747689423094411	319	1.25159147999704	28.9636945686924	0.282439176394853	19	25550000	59
20220929 025710	binary	custom	TRUE	TRUE	FALSE	-100	31	2066	TRUE	763381	0.00619071109580895	0.769384008255121	7001	711	9774	0.890794645214149	295	1.88035996537428	85.8339962219989	0.169322709525551	29	25900000	60
20220929 025813	binary	custom	TRUE	TRUE	FALSE	-100	31	279	TRUE	763381	0.0640966658679195	0.554459988783672	3088	858	10871	0.836086606790187	242	1.3765474392179	94.136783784067	0.1413789820418	26	26180000	61
20220929 025945	binary	custom	TRUE	TRUE	FALSE	-100	31	578	TRUE	763381	0.0221424567870802	0.69261238782286	2260	624	9928	0.868861980411077	711	0.30649127398631	73.6226694522609	0.0755281960757957	15	26550000	62
20220929 030008	binary	custom	TRUE	TRUE	FALSE	-100	31	147	TRUE	763381	0.0753228620889736	0.951169912051645	3004	514	9185	0.813062635451612	362	0.357634887767921	66.5943182691926	1.26044243046605	27	25870000	63
20220929 030036	binary	custom	TRUE	TRUE	FALSE	-100	31	193	TRUE	763381	0.0324849551361344	0.399868533388581	1841	723	8365	0.286046681826603	321	7.02659887043919	26.5324629946366	1.76615459167842	10	23110000	64
20220929 030141	binary	custom	TRUE	TRUE	FALSE	-100	31	560	TRUE	763381	0.0286400473563343	0.817194701866488	6075	442	9893	0.958897253598408	379	0.05545947433886	56.7906022904731	1.47677304272733	1	26060000	65
20220929 030231	binary	custom	TRUE	TRUE	FALSE	-100	31	312	TRUE	763381	0.0406629939388961	0.848982993951765	7126	622	9719	0.847640476323001	285	0.156187185210987	57.652721538865	0.562280462664248	1	25690000	66
20220929 030425	binary	custom	TRUE	TRUE	FALSE	-100	31	890	TRUE	763381	0.0139250439517114	0.752015828927716	3648	815	9244	0.894234226273669	294	0.0221940240408711	52.8220492578538	1.53914456024093	8	26320000	67
20220929 030820	binary	custom	TRUE	TRUE	FALSE	-100	31	1200	TRUE	763381	0.00907975799781329	0.45306446688095	1003	316	11460	0.919588726865748	129	1.10518139454959	43.4798128667235	0.596947844922646	25	26120000	68
20220929 030833	binary	custom	TRUE	TRUE	FALSE	-100	31	77	TRUE	763381	0.206697284857759	0.816231801963977	5792	722	8766	0.839377119617799	400	1.04657404882844	63.0615837095287	1.85803548528732	29	25670000	69
20220929 030855	binary	custom	TRUE	TRUE	FALSE	-100	31	167	TRUE	763381	0.178054480980043	0.743507309484179	7018	587	11727	0.726925452889979	972	1.91722566007649	60.2646878535152	0.378378198226528	14	24710000	70
20220929 031221	binary	custom	TRUE	TRUE	FALSE	-100	31	1073	TRUE	763381	0.0100401046750609	0.328235824632258	2089	543	11741	0.8431461499002	319	0.20201138544573	20.8333961754719	0.207930285601543	29	25720000	71
20220929 031532	binary	custom	TRUE	TRUE	FALSE	-100	31	1214	TRUE	763381	0.0200847011010748	0.614566826116636	4900	744	8870	0.791414843056073	740	1.31888517871858	48.3816559189878	0.0562718912252438	15	26740000	72
20220929 031553	binary	custom	TRUE	TRUE	FALSE	-100	31	97	TRUE	763381	0.194834497043666	0.624002686506581	3125	978	10378	0.80656183807472	472	2.22112085501922	50.8239993851066	0.0146625907612453	6	25970000	73
20220929 031634	binary	custom	TRUE	TRUE	FALSE	-100	31	158	TRUE	763381	0.0515318190961633	0.647707704881411	2302	803	9242	0.816890064427716	64	2.06852704127046	33.1301090967602	0.0445206794729538	21	26880000	74
20220929 031829	binary	custom	TRUE	TRUE	FALSE	-100	31	650	TRUE	763381	0.0147017011868543	0.507064042893366	5831	784	7874	0.817134623543242	288	0.63208703185793	73.1074960710657	0.107046853716823	17	25620000	75
20220929 031846	binary	custom	TRUE	TRUE	FALSE	-100	31	69	TRUE	763381	0.115144016305394	0.81245782540875	2151	673	13878	0.8314648846881	253	0.561853414932945	39.5870520954487	0.886764687362371	4	23610000	76
20220929 031914	binary	custom	TRUE	TRUE	FALSE	-100	31	106	TRUE	763381	0.0672334419348346	0.442303052527184	2702	857	9437	0.773451319950916	413	1.1623313850185	47.4170884953054	0.169366571096133	27	26010000	77
20220929 032114	binary	custom	TRUE	TRUE	FALSE	-100	31	506	TRUE	763381	0.0276269972244999	0.551258816057135	2196	387	9487	0.940588588893522	413	2.37704587212364	50.9789242993526	0.395834823316337	4	27510000	78
20220929 032131	binary	custom	TRUE	TRUE	FALSE	-100	31	148	TRUE	763381	0.056139838586174	0.700346282883093	3290	34	11712	0.287281688349632	111	9.53251153372155	68.5016109528653	2.21584211371572	12	22420000	79
20220929 032149	binary	custom	TRUE	TRUE	FALSE	-100	31	144	TRUE	763381	0.128164417555489	0.966442944851889	4399	1001	9010	0.774992014364234	834	30.575412372377	98.7708690843045	0.00798235089842185	18	25100000	80
20220929 032203	binary	custom	TRUE	TRUE	FALSE	-100	31	67	TRUE	763381	0.227093969364049	0.686173619944579	7978	803	6202	0.779113652833132	820	17.0181744061204	62.2248796078869	0.415801977815928	12	24480000	81
20220929 032215	binary	custom	TRUE	TRUE	FALSE	-100	31	52	TRUE	763381	0.118762933014215	0.754675049699289	3839	957	10254	0.810820715091824	463	27.5883547975424	15.8727212028404	0.287009503026512	26	24460000	82
20220929 032232	binary	custom	TRUE	TRUE	FALSE	-100	31	94	TRUE	763381	0.1552948080033	0.8076145433211	5626	941	8325	0.62346030203012	821	1.69872989779018	55.7907138467662	0.00681655932160293	14	25750000	83
20220929 032303	binary	custom	TRUE	TRUE	FALSE	-100	31	93	TRUE	763381	0.0837428905385935	0.56279169182313	7054	570	9841	0.592429769827878	561	6.7813669573066	38.562099915649	0.0365927351663612	3	24880000	84
20220929 032312	binary	custom	TRUE	TRUE	FALSE	-100	31	34	TRUE	763381	0.238518943527092	0.741826157957972	3183	910	10176	0.575538528058	549	9.04096956047322	33.5111294616107	1.78473704366817	5	24770000	85
20220929 032329	binary	custom	TRUE	TRUE	FALSE	-100	31	88	TRUE	763381	0.115662533690968	0.748035840099621	4280	733	9507	0.683163813937547	460	2.24107424206654	74.6827296431637	0.100153065644246	4	25310000	86
20220929 032339	binary	custom	TRUE	TRUE	FALSE	-100	31	60	TRUE	763381	0.182484285865622	0.700910932941265	3680	993	9449	0.372909347845792	524	4.39442080916904	63.2662730406687	1.69771020810659	10	23830000	87
20220929 032803	binary	custom	TRUE	TRUE	FALSE	-100	31	2480	TRUE	763381	0.0052369475545098	0.813355630440456	7748	808	11544	0.662618643402594	734	5.19411919373487	66.8601057282819	0.4079215737188	23	24200000	88
20220929 032819	binary	custom	TRUE	TRUE	FALSE	-100	31	62	TRUE	763381	0.122749380832771	0.54452560024071	4492	728	10339	0.628809756022284	981	0.84704967479749	3.77859686691794	4.49274721064321	8	24050000	89
20220929 032834	binary	custom	TRUE	TRUE	FALSE	-100	31	85	TRUE	763381	0.140838771957792	0.653171179782741	5264	825	9288	0.529064307978966	28	3.30497393742368	58.8619589575083	0.0450540493674236	17	25350000	90
20220929 032843	binary	custom	TRUE	TRUE	FALSE	-100	31	39	TRUE	763381	0.232648330150764	0.686289482566563	6034	900	10159	0.53903376343501	775	37.8245939768706	90.2068516760942	0.0555748427750758	7	23610000	91
20220929 032927	binary	custom	TRUE	TRUE	FALSE	-100	31	316	TRUE	763381	0.0358429313868524	0.26221386030851	4673	999	9199	0.606666441172701	87	9.42234225930715	93.721548970843	0.665328005296015	3	25130000	92
20220929 032943	binary	custom	TRUE	TRUE	FALSE	-100	31	68	TRUE	763381	0.272935282292672	0.571606327084673	735	808	8993	0.794114450841998	285	7.40152631378858	88.8190793148383	0.347603313273658	18	26180000	93
20220929 033047	binary	custom	TRUE	TRUE	FALSE	-100	31	407	TRUE	763381	0.0272444115139527	0.245258922908209	467	950	8807	0.807398700844702	367	0.0382383834802829	82.6575556956405	4.30352471996809	9	26070000	94
20220929 033108	binary	custom	TRUE	TRUE	FALSE	-100	31	119	TRUE	763381	0.0768962983644721	0.854333436049215	7970	635	9237	0.908961937520256	921	0.161563931794284	19.3840406296423	1.76288354812243	15	25930000	95
20220929 033125	binary	custom	TRUE	TRUE	FALSE	-100	31	73	TRUE	763381	0.167877800325387	0.445179579773393	6191	949	9678	0.616642625917236	2	5.27174499404598	35.3469416525515	3.28540563142481	15	24730000	96
20220929 033157	binary	custom	TRUE	TRUE	FALSE	-100	31	91	TRUE	763381	0.0773905537022993	0.46489861775791	120	123	10261	0.797309796913549	202	1.03164192830684	42.6668752244533	0.309349905099717	20	26360000	97
20220929 033212	binary	custom	TRUE	TRUE	FALSE	-100	31	40	TRUE	763381	0.231510872210653	0.330464110949354	1911	387	9597	0.816657356082096	14	1.26783175244855	87.8673628450463	0.507660529298524	16	25530000	98
20220929 033412	binary	custom	TRUE	TRUE	FALSE	-100	31	799	TRUE	763381	0.0184271917058582	0.680102277397134	3454	323	8748	0.955180227070707	779	0.0345092927118968	68.4601460340868	0.0683459132160744	16	27070000	99
20220929 033518	binary	custom	TRUE	TRUE	FALSE	-100	31	234	TRUE	763381	0.0313637255154847	0.588440710322972	2894	408	9867	0.995939856211109	488	1.45972438960383	36.1943492812805	0.18541331243108	9	26430000	100
20220929 033618	binary	custom	TRUE	TRUE	FALSE	-100	31	499	TRUE	763381	0.0880051780890495	0.691270191001459	6406	284	10809	0.86360587242245	951	1.48925859241088	52.5179989824447	0.192217060348433	27	26790000	101
20220929 033702	binary	custom	TRUE	TRUE	FALSE	-100	31	289	TRUE	763381	0.0794250126882741	0.589799218718765	229	777	9643	0.797730369797269	956	11.3261253548715	89.5093388428218	0.0685184751221626	15	26480000	102
20220929 033726	binary	custom	TRUE	TRUE	FALSE	-100	31	69	TRUE	763381	0.086153334849145	0.602173945432718	222	930	9263	0.642744524137026	201	5.33818702520431	43.5749227706976	0.0292076843364419	9	26440000	103
20220929 033826	binary	custom	TRUE	TRUE	FALSE	-100	31	230	TRUE	763381	0.0263052090271671	0.622766974777818	112	515	8385	0.753728031210086	221	5.44192459354937	37.0434058432646	0.169514028546208	13	26190000	104
20220929 033835	binary	custom	TRUE	TRUE	FALSE	-100	31	23	TRUE	763381	0.0922329451136213	0.620647066432485	967	985	12303	0.232480286422468	516	0.783118396818046	12.0006654074281	13.4187580137419	6	22280000	105
20220929 034147	binary	custom	TRUE	TRUE	FALSE	-100	31	1747	TRUE	763381	0.013584494431884	0.918068163880913	6326	175	9096	0.827178302523645	919	0.273167501756109	79.504311838333	0.0139347257642563	16	26290000	106
20220929 034226	binary	custom	TRUE	TRUE	FALSE	-100	31	237	TRUE	763381	0.0430332006808313	0.628588130950017	5951	976	9590	0.842297719589189	989	3.80991638679824	72.4643542036176	0.194431886678886	18	26100000	107
20220929 034302	binary	custom	TRUE	TRUE	FALSE	-100	31	166	TRUE	763381	0.0974442744585275	0.365824298833158	846	927	9229	0.727670602111477	56	0.865043194961387	40.1919004394482	0.0408036791156766	6	26750000	108
20220929 034324	binary	custom	TRUE	TRUE	FALSE	-100	31	71	TRUE	763381	0.112209585395598	0.372441847765485	415	805	9280	0.795709198569754	166	0.7566307664982	43.8438730549194	0.467266231686088	3	26240000	109
20220929 034455	binary	custom	TRUE	TRUE	FALSE	-100	31	547	TRUE	763381	0.0269078522404702	0.581404293395832	5009	161	11562	0.9378611762791	988	2.21615471599798	50.1834798470605	0.653551068975281	17	25680000	110
20220929 034553	binary	custom	TRUE	TRUE	FALSE	-100	31	352	TRUE	763381	0.0324482883675026	0.651934435869495	3378	282	9786	0.79493949940544	888	4.46025828024008	63.4297443462031	0.176378822829947	28	26270000	111
20220929 034609	binary	custom	TRUE	TRUE	FALSE	-100	31	56	TRUE	763381	0.162121960240876	0.314314332110918	578	856	9748	0.695788376757453	54	0.486523659445394	87.9261235088653	0.370466041161431	19	25870000	112
20220929 034631	binary	custom	TRUE	TRUE	FALSE	-100	31	103	TRUE	763381	0.122859566657505	0.277403069992494	7717	331	9008	0.827760120199707	853	0.556368509730405	10.9404438366356	0.0567541057482649	21	25430000	113
20220929 034646	binary	custom	TRUE	TRUE	FALSE	-100	31	68	TRUE	763381	0.131035892641634	0.334756157177579	1329	988	9709	0.636144970309756	686	3.23025639195024	72.482204920448	5.22398501045715	11	24990000	114
20220929 034713	binary	custom	TRUE	TRUE	FALSE	-100	31	155	TRUE	763381	0.0755520142246612	0.422692835243516	750	841	9869	0.562434316526271	104	5.99322535559991	13.0170716538063	0.807228529518672	7	25710000	115
20220929 035005	binary	custom	TRUE	TRUE	FALSE	-100	31	969	TRUE	763381	0.0153371002823676	0.503594255313656	6756	423	8381	0.934620764188813	876	1.59388732684749	91.2488157051058	0.00946503215292028	7	26280000	116
20220929 035023	binary	custom	TRUE	TRUE	FALSE	-100	31	99	TRUE	763381	0.0786223420113343	0.626474318755346	818	486	9171	0.852703070546925	72	0.0244702949449487	64.7554993662188	7.11821921751656	19	25340000	117
20220929 035046	binary	custom	TRUE	TRUE	FALSE	-100	31	140	TRUE	763381	0.195353019568071	0.807262424105255	7247	204	8823	0.726131899503578	66	1.17704702380154	61.3340501454705	0.0589924781819292	13	25560000	118
20220929 035148	binary	custom	TRUE	TRUE	FALSE	-100	31	369	TRUE	763381	0.0215895760314688	0.631179898534453	4177	250	9702	0.711878457518207	58	0.705683414505446	1.31700259124728	0.00669059332240378	22	26200000	119
20220929 035223	binary	custom	TRUE	TRUE	FALSE	-100	31	193	TRUE	763381	0.0859101092120509	0.873704677697326	3904	107	9649	0.835442710172936	29	2.51917569330227	27.813848719855	0.0527216614762871	22	26710000	120
20220929 035341	binary	custom	TRUE	TRUE	FALSE	-100	31	390	TRUE	763381	0.0230686519983534	0.262933858671936	2307	302	9164	0.948842283848728	229	1.75293699222786	52.2161522362551	0.194344437303757	6	26800000	121
20220929 035406	binary	custom	TRUE	TRUE	FALSE	-100	31	103	TRUE	763381	0.0855413402334106	0.233298359737605	1410	385	8145	0.657101192875814	53	0.29827801387012	6.40406387611378	0.0171659289056952	8	26030000	122
20220929 035437	binary	custom	TRUE	TRUE	FALSE	-100	31	171	TRUE	763381	0.0655513296461666	0.964391451818255	3399	72	9054	0.599892354984174	59	0.481455446679558	11.6350509556164	0.0134449269862758	11	25900000	123
20220929 035458	binary	custom	TRUE	TRUE	FALSE	-100	31	102	TRUE	763381	0.105074915039101	0.840037240895722	2292	752	8179	0.606447994946647	20	0.0523382336879911	30.2893569179453	0.497312720662485	2	26450000	124
20220929 035626	binary	custom	TRUE	TRUE	FALSE	-100	31	652	TRUE	763381	0.0169933987505214	0.632298845599813	5445	272	9459	0.639655661412537	8	0.636674639374163	59.9052966720218	0.103250617310437	5	25970000	125
20220929 035638	binary	custom	TRUE	TRUE	FALSE	-100	31	13	TRUE	763381	0.295976771266245	0.32055502295607	204	88	10552	0.240838782885645	288	25.5810681009799	13.5251464801341	4.72501219117226	9	19860000	126
20220929 035655	binary	custom	TRUE	TRUE	FALSE	-100	31	130	TRUE	763381	0.132144062610251	0.960334662042044	7985	405	9405	0.33214241535703	385	15.271401856168	77.3004452523501	0.0679516390526742	28	23430000	127
20220929 035718	binary	custom	TRUE	TRUE	FALSE	-100	31	78	TRUE	763381	0.191188992392699	0.517739935276123	6391	377	8773	0.958535778723337	845	0.0576005295910084	25.8460132358733	0.437886159410516	21	26540000	128
20220929 035730	binary	custom	TRUE	TRUE	FALSE	-100	31	69	TRUE	763381	0.15042259114678	0.819003218624502	1586	497	11842	0.586021256103235	34	39.2010116210644	59.6492062836222	0.0494930011055777	10	23040000	129
20220929 035746	binary	custom	TRUE	TRUE	FALSE	-100	31	65	TRUE	763381	0.159881171318956	0.31829741243398	6028	270	6588	0.566133757732523	66	0.230667741898381	14.1939129366884	0.0131888237183731	1	25070000	130
20220929 035807	binary	custom	TRUE	TRUE	FALSE	-100	31	68	TRUE	763381	0.274538788387409	0.817603753218214	1807	344	8540	0.839188801996982	896	0.106547145059768	48.6209587152965	0.0240298304367368	14	25960000	131
20220929 035821	binary	custom	TRUE	TRUE	FALSE	-100	31	69	TRUE	763381	0.0917876461038835	0.786237575615687	162	830	8617	0.534951279583061	795	1.91325234777032	26.5605776595083	3.57878281247132	20	24930000	132
20220929 035834	binary	custom	TRUE	TRUE	FALSE	-100	31	60	TRUE	763381	0.0912657559451574	0.263826994468442	2635	877	9649	0.340147485843971	898	0.340767202007166	18.4257122204955	11.7548172615099	22	22710000	133
20220929 040058	binary	custom	TRUE	TRUE	FALSE	-100	31	1046	TRUE	763381	0.00889671774482237	0.688726332600392	5417	915	6358	0.584815453901393	148	0.295357700324361	7.11865037205915	0.461248044798827	7	25050000	134
20220929 040120	binary	custom	TRUE	TRUE	FALSE	-100	31	117	TRUE	763381	0.209027313491006	0.834278999559234	6569	423	9869	0.900526009519851	880	0.086437030482823	99.8098326831306	0.00215812000699636	21	26190000	135
20220929 040133	binary	custom	TRUE	TRUE	FALSE	-100	31	44	TRUE	763381	0.23503599395469	0.848789014049318	1276	830	9001	0.710049825443571	816	5.2821453630929	30.9199140793135	0.150717481401056	23	25200000	136
20220929 040151	binary	custom	TRUE	TRUE	FALSE	-100	31	38	TRUE	763381	0.231821382833111	0.291535259387447	85	446	8369	0.748762802306323	723	2.34572989869405	46.7247102826953	0.0728711809578627	8	24950000	137
20220929 040202	binary	custom	TRUE	TRUE	FALSE	-100	31	56	TRUE	763381	0.241691394187438	0.925680179341615	5583	219	7748	0.597477177892877	782	1.50315497488896	23.6919327418523	1.25541421218755	26	25230000	138
20220929 040218	binary	custom	TRUE	TRUE	FALSE	-100	31	66	TRUE	763381	0.169632929687975	0.249779857293545	2064	867	10040	0.801708953156154	836	0.154438461020993	95.7127447653545	5.11826729782913	20	24960000	139
20220929 040343	binary	custom	TRUE	TRUE	FALSE	-100	31	620	TRUE	763381	0.0351605483057939	0.302125445414258	7073	182	8960	0.784338242835459	20	0.139367420875	28.8757121587538	0.0484865681651143	28	26160000	140
20220929 040424	binary	custom	TRUE	TRUE	FALSE	-100	31	164	TRUE	763381	0.0433801470976283	0.458583475795173	3528	137	8402	0.743973705241735	13	0.0980603898420654	39.587577313912	0.300182187821933	4	26560000	141
20220929 040508	binary	custom	TRUE	TRUE	FALSE	-100	31	178	TRUE	763381	0.0593959560092523	0.447499628558576	2844	380	9318	0.885466819160503	9	0.134046294125236	14.8025125339166	0.00280099768109873	9	26890000	142
20220929 040529	binary	custom	TRUE	TRUE	FALSE	-100	31	64	TRUE	763381	0.192442112517779	0.775539565002236	2731	373	9052	0.950355981217534	695	0.339633427945625	60.2635940519789	0.000560007560535885	4	26140000	143
20220929 040546	binary	custom	TRUE	TRUE	FALSE	-100	31	43	TRUE	763381	0.234279165205204	0.75453756031523	238	178	8261	0.613995683769064	783	0.282545685284421	64.2096246296817	0.0862662773742556	9	24920000	144
