fecha	objective	metric	first_metric_only	boost_from_average	feature_pre_filter	verbosity	max_bin	num_iterations	force_row_wise	seed	learning_rate	feature_fraction	min_data_in_leaf	num_leaves	envios	bagging_fraction	bagging_freq	lambda_l1	lambda_l2	min_gain_to_split	max_depth 	ganancia	iteracion
20220929 032114	binary	custom	TRUE	TRUE	FALSE	-100	31	506	TRUE	763381	0.027626997	0.551258816	2196	387	9487	0.940588589	413	2.377045872	50.9789243	0.395834823	4	27510000	78
20220929 033412	binary	custom	TRUE	TRUE	FALSE	-100	31	799	TRUE	763381	0.018427192	0.680102277	3454	323	8748	0.955180227	779	0.034509293	68.46014603	0.068345913	16	27070000	99
20220929 040508	binary	custom	TRUE	TRUE	FALSE	-100	31	178	TRUE	763381	0.059395956	0.447499629	2844	380	9318	0.885466819	9	0.134046294	14.80251253	0.002800998	9	26890000	142
20220929 031634	binary	custom	TRUE	TRUE	FALSE	-100	31	158	TRUE	763381	0.051531819	0.647707705	2302	803	9242	0.816890064	64	2.068527041	33.1301091	0.044520679	21	26880000	74
20220929 035341	binary	custom	TRUE	TRUE	FALSE	-100	31	390	TRUE	763381	0.023068652	0.262933859	2307	302	9164	0.948842284	229	1.752936992	52.21615224	0.194344437	6	26800000	121
20220929 033618	binary	custom	TRUE	TRUE	FALSE	-100	31	499	TRUE	763381	0.088005178	0.691270191	6406	284	10809	0.863605872	951	1.489258592	52.51799898	0.19221706	27	26790000	101
20220929 034302	binary	custom	TRUE	TRUE	FALSE	-100	31	166	TRUE	763381	0.097444274	0.365824299	846	927	9229	0.727670602	56	0.865043195	40.19190044	0.040803679	6	26750000	108
20220929 031532	binary	custom	TRUE	TRUE	FALSE	-100	31	1214	TRUE	763381	0.020084701	0.614566826	4900	744	8870	0.791414843	740	1.318885179	48.38165592	0.056271891	15	26740000	72
20220929 024114	binary	custom	TRUE	TRUE	FALSE	-100	31	244	TRUE	763381	0.050820826	0.573432782	3806	310	7440	0.960516124	184	3.907142097	23.99906301	0.095458075	4	26720000	48
20220929 035223	binary	custom	TRUE	TRUE	FALSE	-100	31	193	TRUE	763381	0.085910109	0.873704678	3904	107	9649	0.83544271	29	2.519175693	27.81384872	0.052721661	22	26710000	120
20220929 040424	binary	custom	TRUE	TRUE	FALSE	-100	31	164	TRUE	763381	0.043380147	0.458583476	3528	137	8402	0.743973705	13	0.09806039	39.58757731	0.300182188	4	26560000	141
20220929 025945	binary	custom	TRUE	TRUE	FALSE	-100	31	578	TRUE	763381	0.022142457	0.692612388	2260	624	9928	0.86886198	711	0.306491274	73.62266945	0.075528196	15	26550000	62
20220929 035718	binary	custom	TRUE	TRUE	FALSE	-100	31	78	TRUE	763381	0.191188992	0.517739935	6391	377	8773	0.958535779	845	0.05760053	25.84601324	0.437886159	21	26540000	128
20220929 025034	binary	custom	TRUE	TRUE	FALSE	-100	31	1389	TRUE	763381	0.009246148	0.726270839	2728	708	9616	0.949502687	301	0.841006314	64.81697204	1.75786476	7	26530000	57
20220929 033702	binary	custom	TRUE	TRUE	FALSE	-100	31	289	TRUE	763381	0.079425013	0.589799219	229	777	9643	0.79773037	956	11.32612535	89.50933884	0.068518475	15	26480000	102
20220929 035458	binary	custom	TRUE	TRUE	FALSE	-100	31	102	TRUE	763381	0.105074915	0.840037241	2292	752	8179	0.606447995	20	0.052338234	30.28935692	0.497312721	2	26450000	124
20220929 033726	binary	custom	TRUE	TRUE	FALSE	-100	31	69	TRUE	763381	0.086153335	0.602173945	222	930	9263	0.642744524	201	5.338187025	43.57492277	0.029207684	9	26440000	103
20220929 033518	binary	custom	TRUE	TRUE	FALSE	-100	31	234	TRUE	763381	0.031363726	0.58844071	2894	408	9867	0.995939856	488	1.45972439	36.19434928	0.185413312	9	26430000	100
20220929 024507	binary	custom	TRUE	TRUE	FALSE	-100	31	798	TRUE	763381	0.010946706	0.583315586	2732	216	10691	0.893835722	283	0.479397334	25.45117222	1.300567915	4	26380000	52
20220929 033157	binary	custom	TRUE	TRUE	FALSE	-100	31	91	TRUE	763381	0.077390554	0.464898618	120	123	10261	0.797309797	202	1.031641928	42.66687522	0.309349905	20	26360000	97
20220929 030425	binary	custom	TRUE	TRUE	FALSE	-100	31	890	TRUE	763381	0.013925044	0.752015829	3648	815	9244	0.894234226	294	0.022194024	52.82204926	1.53914456	8	26320000	67
20220929 024227	binary	custom	TRUE	TRUE	FALSE	-100	31	232	TRUE	763381	0.040277743	0.710983919	5103	600	9087	0.87667618	243	2.96569248	7.686145347	1.616919477	17	26310000	51
20220929 034147	binary	custom	TRUE	TRUE	FALSE	-100	31	1747	TRUE	763381	0.013584494	0.918068164	6326	175	9096	0.827178303	919	0.273167502	79.50431184	0.013934726	16	26290000	106
20220929 035005	binary	custom	TRUE	TRUE	FALSE	-100	31	969	TRUE	763381	0.0153371	0.503594255	6756	423	8381	0.934620764	876	1.593887327	91.24881571	0.009465032	7	26280000	116
20220929 034553	binary	custom	TRUE	TRUE	FALSE	-100	31	352	TRUE	763381	0.032448288	0.651934436	3378	282	9786	0.794939499	888	4.46025828	63.42974435	0.176378823	28	26270000	111
20220929 034324	binary	custom	TRUE	TRUE	FALSE	-100	31	71	TRUE	763381	0.112209585	0.372441848	415	805	9280	0.795709199	166	0.756630766	43.84387305	0.467266232	3	26240000	109
20220929 035148	binary	custom	TRUE	TRUE	FALSE	-100	31	369	TRUE	763381	0.021589576	0.631179899	4177	250	9702	0.711878458	58	0.705683415	1.317002591	0.006690593	22	26200000	119
20220929 033826	binary	custom	TRUE	TRUE	FALSE	-100	31	230	TRUE	763381	0.026305209	0.622766975	112	515	8385	0.753728031	221	5.441924594	37.04340584	0.169514029	13	26190000	104
20220929 040120	binary	custom	TRUE	TRUE	FALSE	-100	31	117	TRUE	763381	0.209027313	0.834279	6569	423	9869	0.90052601	880	0.08643703	99.80983268	0.00215812	21	26190000	135
20220929 025813	binary	custom	TRUE	TRUE	FALSE	-100	31	279	TRUE	763381	0.064096666	0.554459989	3088	858	10871	0.836086607	242	1.376547439	94.13678378	0.141378982	26	26180000	61
20220929 032943	binary	custom	TRUE	TRUE	FALSE	-100	31	68	TRUE	763381	0.272935282	0.571606327	735	808	8993	0.794114451	285	7.401526314	88.81907931	0.347603313	18	26180000	93
20220929 040343	binary	custom	TRUE	TRUE	FALSE	-100	31	620	TRUE	763381	0.035160548	0.302125445	7073	182	8960	0.784338243	20	0.139367421	28.87571216	0.048486568	28	26160000	140
20220929 024618	binary	custom	TRUE	TRUE	FALSE	-100	31	396	TRUE	763381	0.031426495	0.587168534	6708	229	8533	0.909179174	412	5.17956612	32.38913771	0.155355062	10	26140000	53
20220929 040529	binary	custom	TRUE	TRUE	FALSE	-100	31	64	TRUE	763381	0.192442113	0.775539565	2731	373	9052	0.950355981	695	0.339633428	60.26359405	0.000560008	4	26140000	143
20220929 025229	binary	custom	TRUE	TRUE	FALSE	-100	31	1021	TRUE	763381	0.027717844	0.890007666	7330	878	9179	0.816261146	668	1.121519756	57.4964883	0.410457153	22	26130000	58
20220929 030820	binary	custom	TRUE	TRUE	FALSE	-100	31	1200	TRUE	763381	0.009079758	0.453064467	1003	316	11460	0.919588727	129	1.105181395	43.47981287	0.596947845	25	26120000	68
20220929 034226	binary	custom	TRUE	TRUE	FALSE	-100	31	237	TRUE	763381	0.043033201	0.628588131	5951	976	9590	0.84229772	989	3.809916387	72.4643542	0.194431887	18	26100000	107
20220929 033047	binary	custom	TRUE	TRUE	FALSE	-100	31	407	TRUE	763381	0.027244412	0.245258923	467	950	8807	0.807398701	367	0.038238383	82.6575557	4.30352472	9	26070000	94
20220929 030141	binary	custom	TRUE	TRUE	FALSE	-100	31	560	TRUE	763381	0.028640047	0.817194702	6075	442	9893	0.958897254	379	0.055459474	56.79060229	1.476773043	1	26060000	65
20220929 035406	binary	custom	TRUE	TRUE	FALSE	-100	31	103	TRUE	763381	0.08554134	0.23329836	1410	385	8145	0.657101193	53	0.298278014	6.404063876	0.017165929	8	26030000	122
20220929 031914	binary	custom	TRUE	TRUE	FALSE	-100	31	106	TRUE	763381	0.067233442	0.442303053	2702	857	9437	0.77345132	413	1.162331385	47.4170885	0.169366571	27	26010000	77
20220929 031553	binary	custom	TRUE	TRUE	FALSE	-100	31	97	TRUE	763381	0.194834497	0.624002687	3125	978	10378	0.806561838	472	2.221120855	50.82399939	0.014662591	6	25970000	73
20220929 035626	binary	custom	TRUE	TRUE	FALSE	-100	31	652	TRUE	763381	0.016993399	0.632298846	5445	272	9459	0.639655661	8	0.636674639	59.90529667	0.103250617	5	25970000	125
20220929 035807	binary	custom	TRUE	TRUE	FALSE	-100	31	68	TRUE	763381	0.274538788	0.817603753	1807	344	8540	0.839188802	896	0.106547145	48.62095872	0.02402983	14	25960000	131
20220929 033108	binary	custom	TRUE	TRUE	FALSE	-100	31	119	TRUE	763381	0.076896298	0.854333436	7970	635	9237	0.908961938	921	0.161563932	19.38404063	1.762883548	15	25930000	95
20220929 025710	binary	custom	TRUE	TRUE	FALSE	-100	31	2066	TRUE	763381	0.006190711	0.769384008	7001	711	9774	0.890794645	295	1.880359965	85.83399622	0.16932271	29	25900000	60
20220929 035437	binary	custom	TRUE	TRUE	FALSE	-100	31	171	TRUE	763381	0.06555133	0.964391452	3399	72	9054	0.599892355	59	0.481455447	11.63505096	0.013444927	11	25900000	123
20220929 030008	binary	custom	TRUE	TRUE	FALSE	-100	31	147	TRUE	763381	0.075322862	0.951169912	3004	514	9185	0.813062635	362	0.357634888	66.59431827	1.26044243	27	25870000	63
20220929 034609	binary	custom	TRUE	TRUE	FALSE	-100	31	56	TRUE	763381	0.16212196	0.314314332	578	856	9748	0.695788377	54	0.486523659	87.92612351	0.370466041	19	25870000	112
20220929 024153	binary	custom	TRUE	TRUE	FALSE	-100	31	98	TRUE	763381	0.095372936	0.817095151	4101	331	6877	0.89427027	214	0.531791378	93.50856556	0.165443608	11	25850000	50
20220929 032232	binary	custom	TRUE	TRUE	FALSE	-100	31	94	TRUE	763381	0.155294808	0.807614543	5626	941	8325	0.623460302	821	1.698729898	55.79071385	0.006816559	14	25750000	83
20220929 031221	binary	custom	TRUE	TRUE	FALSE	-100	31	1073	TRUE	763381	0.010040105	0.328235825	2089	543	11741	0.84314615	319	0.202011385	20.83339618	0.207930286	29	25720000	71
20220929 034713	binary	custom	TRUE	TRUE	FALSE	-100	31	155	TRUE	763381	0.075552014	0.422692835	750	841	9869	0.562434317	104	5.993225356	13.01707165	0.80722853	7	25710000	115
20220929 030231	binary	custom	TRUE	TRUE	FALSE	-100	31	312	TRUE	763381	0.040662994	0.848982994	7126	622	9719	0.847640476	285	0.156187185	57.65272154	0.562280463	1	25690000	66
20220929 034455	binary	custom	TRUE	TRUE	FALSE	-100	31	547	TRUE	763381	0.026907852	0.581404293	5009	161	11562	0.937861176	988	2.216154716	50.18347985	0.653551069	17	25680000	110
20220929 030833	binary	custom	TRUE	TRUE	FALSE	-100	31	77	TRUE	763381	0.206697285	0.816231802	5792	722	8766	0.83937712	400	1.046574049	63.06158371	1.858035485	29	25670000	69
20220929 031829	binary	custom	TRUE	TRUE	FALSE	-100	31	650	TRUE	763381	0.014701701	0.507064043	5831	784	7874	0.817134624	288	0.632087032	73.10749607	0.107046854	17	25620000	75
20220929 035046	binary	custom	TRUE	TRUE	FALSE	-100	31	140	TRUE	763381	0.19535302	0.807262424	7247	204	8823	0.7261319	66	1.177047024	61.33405015	0.058992478	13	25560000	118
20220929 025249	binary	custom	TRUE	TRUE	FALSE	-100	31	108	TRUE	763381	0.089173952	0.869150586	7110	842	9065	0.747689423	319	1.25159148	28.96369457	0.282439176	19	25550000	59
20220929 033212	binary	custom	TRUE	TRUE	FALSE	-100	31	40	TRUE	763381	0.231510872	0.330464111	1911	387	9597	0.816657356	14	1.267831752	87.86736285	0.507660529	16	25530000	98
20220929 023801	binary	custom	TRUE	TRUE	FALSE	-100	31	127	TRUE	763381	0.051619439	0.616555835	246	436	8047	0.964588088	761	8.692519298	68.33851355	2.461424991	11	25510000	36
20220929 023859	binary	custom	TRUE	TRUE	FALSE	-100	31	73	TRUE	763381	0.167068428	0.273028646	2788	248	8464	0.907222656	58	12.90155073	21.62095002	1.968805088	30	25480000	40
20220929 034631	binary	custom	TRUE	TRUE	FALSE	-100	31	103	TRUE	763381	0.122859567	0.27740307	7717	331	9008	0.82776012	853	0.55636851	10.94044384	0.056754106	21	25430000	113
20220929 024747	binary	custom	TRUE	TRUE	FALSE	-100	31	318	TRUE	763381	0.115754034	0.316687561	5026	517	12382	0.909136145	13	1.236081525	52.88167463	0.030102431	16	25400000	56
20220929 032834	binary	custom	TRUE	TRUE	FALSE	-100	31	85	TRUE	763381	0.140838772	0.65317118	5264	825	9288	0.529064308	28	3.304973937	58.86195896	0.045054049	17	25350000	90
20220929 035023	binary	custom	TRUE	TRUE	FALSE	-100	31	99	TRUE	763381	0.078622342	0.626474319	818	486	9171	0.852703071	72	0.024470295	64.75549937	7.118219218	19	25340000	117
20220929 032329	binary	custom	TRUE	TRUE	FALSE	-100	31	88	TRUE	763381	0.115662534	0.74803584	4280	733	9507	0.683163814	460	2.241074242	74.68272964	0.100153066	4	25310000	86
20220929 040202	binary	custom	TRUE	TRUE	FALSE	-100	31	56	TRUE	763381	0.241691394	0.925680179	5583	219	7748	0.597477178	782	1.503154975	23.69193274	1.255414212	26	25230000	138
20220929 040133	binary	custom	TRUE	TRUE	FALSE	-100	31	44	TRUE	763381	0.235035994	0.848789014	1276	830	9001	0.710049825	816	5.282145363	30.91991408	0.150717481	23	25200000	136
20220929 024132	binary	custom	TRUE	TRUE	FALSE	-100	31	57	TRUE	763381	0.185428725	0.393754006	1873	185	9815	0.96883965	79	14.37799658	40.0388455	0.996035577	14	25170000	49
20220929 032927	binary	custom	TRUE	TRUE	FALSE	-100	31	316	TRUE	763381	0.035842931	0.26221386	4673	999	9199	0.606666441	87	9.422342259	93.72154897	0.665328005	3	25130000	92
20220929 032149	binary	custom	TRUE	TRUE	FALSE	-100	31	144	TRUE	763381	0.128164418	0.966442945	4399	1001	9010	0.774992014	834	30.57541237	98.77086908	0.007982351	18	25100000	80
20220929 035746	binary	custom	TRUE	TRUE	FALSE	-100	31	65	TRUE	763381	0.159881171	0.318297412	6028	270	6588	0.566133758	66	0.230667742	14.19391294	0.013188824	1	25070000	130
20220929 040058	binary	custom	TRUE	TRUE	FALSE	-100	31	1046	TRUE	763381	0.008896718	0.688726333	5417	915	6358	0.584815454	148	0.2953577	7.118650372	0.461248045	7	25050000	134
20220929 034646	binary	custom	TRUE	TRUE	FALSE	-100	31	68	TRUE	763381	0.131035893	0.334756157	1329	988	9709	0.63614497	686	3.230256392	72.48220492	5.22398501	11	24990000	114
20220929 040218	binary	custom	TRUE	TRUE	FALSE	-100	31	66	TRUE	763381	0.16963293	0.249779857	2064	867	10040	0.801708953	836	0.154438461	95.71274477	5.118267298	20	24960000	139
20220929 040151	binary	custom	TRUE	TRUE	FALSE	-100	31	38	TRUE	763381	0.231821383	0.291535259	85	446	8369	0.748762802	723	2.345729899	46.72471028	0.072871181	8	24950000	137
20220929 024631	binary	custom	TRUE	TRUE	FALSE	-100	31	64	TRUE	763381	0.173618985	0.970161313	3592	355	10857	0.916859483	213	8.390330096	8.072612206	0.715824563	9	24930000	54
20220929 035821	binary	custom	TRUE	TRUE	FALSE	-100	31	69	TRUE	763381	0.091787646	0.786237576	162	830	8617	0.53495128	795	1.913252348	26.56057766	3.578782812	20	24930000	132
20220929 040546	binary	custom	TRUE	TRUE	FALSE	-100	31	43	TRUE	763381	0.234279165	0.75453756	238	178	8261	0.613995684	783	0.282545685	64.20962463	0.086266277	9	24920000	144
20220929 032303	binary	custom	TRUE	TRUE	FALSE	-100	31	93	TRUE	763381	0.083742891	0.562791692	7054	570	9841	0.59242977	561	6.781366957	38.56209992	0.036592735	3	24880000	84
20220929 032312	binary	custom	TRUE	TRUE	FALSE	-100	31	34	TRUE	763381	0.238518944	0.741826158	3183	910	10176	0.575538528	549	9.04096956	33.51112946	1.784737044	5	24770000	85
20220929 033125	binary	custom	TRUE	TRUE	FALSE	-100	31	73	TRUE	763381	0.1678778	0.44517958	6191	949	9678	0.616642626	2	5.271744994	35.34694165	3.285405631	15	24730000	96
20220929 023436	binary	custom	TRUE	TRUE	FALSE	-100	31	1690	TRUE	763381	0.006149956	0.702725867	7942	299	6287	0.74397575	491	11.17330772	52.99938544	2.075648798	20	24710000	20
20220929 030855	binary	custom	TRUE	TRUE	FALSE	-100	31	167	TRUE	763381	0.178054481	0.743507309	7018	587	11727	0.726925453	972	1.91722566	60.26468785	0.378378198	14	24710000	70
20220929 032203	binary	custom	TRUE	TRUE	FALSE	-100	31	67	TRUE	763381	0.227093969	0.68617362	7978	803	6202	0.779113653	820	17.01817441	62.22487961	0.415801978	12	24480000	81
20220929 032215	binary	custom	TRUE	TRUE	FALSE	-100	31	52	TRUE	763381	0.118762933	0.75467505	3839	957	10254	0.810820715	463	27.5883548	15.8727212	0.287009503	26	24460000	82
20220929 024011	binary	custom	TRUE	TRUE	FALSE	-100	31	42	TRUE	763381	0.174572547	0.381534375	824	634	6076	0.904842952	141	7.541447364	23.05359192	1.286226657	10	24410000	47
20220929 032803	binary	custom	TRUE	TRUE	FALSE	-100	31	2480	TRUE	763381	0.005236948	0.81335563	7748	808	11544	0.662618643	734	5.194119194	66.86010573	0.407921574	23	24200000	88
20220929 032819	binary	custom	TRUE	TRUE	FALSE	-100	31	62	TRUE	763381	0.122749381	0.5445256	4492	728	10339	0.628809756	981	0.847049675	3.778596867	4.492747211	8	24050000	89
20220929 023505	binary	custom	TRUE	TRUE	FALSE	-100	31	51	TRUE	763381	0.213192669	0.256144341	4617	707	10271	0.914883906	602	17.61100939	82.54981498	3.31161633	3	24020000	23
20220929 023844	binary	custom	TRUE	TRUE	FALSE	-100	31	90	TRUE	763381	0.130312161	0.25397429	7443	878	9145	0.696767071	943	44.31596728	14.77787591	0.020922825	21	23950000	39
20220929 023954	binary	custom	TRUE	TRUE	FALSE	-100	31	49	TRUE	763381	0.095991927	0.524515875	2609	460	9482	0.932518374	612	35.26542475	59.57709391	5.120942795	23	23920000	46
20220929 032339	binary	custom	TRUE	TRUE	FALSE	-100	31	60	TRUE	763381	0.182484286	0.700910933	3680	993	9449	0.372909348	524	4.394420809	63.26627304	1.697710208	10	23830000	87
20220929 031846	binary	custom	TRUE	TRUE	FALSE	-100	31	69	TRUE	763381	0.115144016	0.812457825	2151	673	13878	0.831464885	253	0.561853415	39.5870521	0.886764687	4	23610000	76
20220929 032843	binary	custom	TRUE	TRUE	FALSE	-100	31	39	TRUE	763381	0.23264833	0.686289483	6034	900	10159	0.539033763	775	37.82459398	90.20685168	0.055574843	7	23610000	91
20220929 035655	binary	custom	TRUE	TRUE	FALSE	-100	31	130	TRUE	763381	0.132144063	0.960334662	7985	405	9405	0.332142415	385	15.27140186	77.30044525	0.067951639	28	23430000	127
20220929 030036	binary	custom	TRUE	TRUE	FALSE	-100	31	193	TRUE	763381	0.032484955	0.399868533	1841	723	8365	0.286046682	321	7.02659887	26.53246299	1.766154592	10	23110000	64
20220929 035730	binary	custom	TRUE	TRUE	FALSE	-100	31	69	TRUE	763381	0.150422591	0.819003219	1586	497	11842	0.586021256	34	39.20101162	59.64920628	0.049493001	10	23040000	129
20220929 023000	binary	custom	TRUE	TRUE	FALSE	-100	31	32	TRUE	763381	0.172822195	0.715392375	6926	917	7740	0.947770074	256	59.65082781	64.46865009	3.036030521	18	22920000	10
20220929 035834	binary	custom	TRUE	TRUE	FALSE	-100	31	60	TRUE	763381	0.091265756	0.263826994	2635	877	9649	0.340147486	898	0.340767202	18.42571222	11.75481726	22	22710000	133
20220929 023523	binary	custom	TRUE	TRUE	FALSE	-100	31	55	TRUE	763381	0.120156401	0.570802201	7743	16	10705	0.242511551	36	6.663746192	2.340140299	4.499485339	5	22510000	25
20220929 032131	binary	custom	TRUE	TRUE	FALSE	-100	31	148	TRUE	763381	0.056139839	0.700346283	3290	34	11712	0.287281688	111	9.532511534	68.50161095	2.215842114	12	22420000	79
20220929 023815	binary	custom	TRUE	TRUE	FALSE	-100	31	36	TRUE	763381	0.114348836	0.429732109	3558	619	9416	0.880807143	101	94.75240494	90.31657829	9.015322822	3	22370000	37
20220929 022826	binary	custom	TRUE	TRUE	FALSE	-100	31	21	TRUE	763381	0.157763574	0.56021733	5104	538	10205	0.400947175	126	53.65248399	16.46554444	7.156123509	22	22310000	5
20220929 033835	binary	custom	TRUE	TRUE	FALSE	-100	31	23	TRUE	763381	0.092232945	0.620647066	967	985	12303	0.232480286	516	0.783118397	12.00066541	13.41875801	6	22280000	105
20220929 023011	binary	custom	TRUE	TRUE	FALSE	-100	31	18	TRUE	763381	0.247210636	0.863578037	1719	216	6709	0.333959584	709	1.845359027	74.7277323	6.497206191	28	22270000	12
20220929 023635	binary	custom	TRUE	TRUE	FALSE	-100	31	18	TRUE	763381	0.23153859	0.661502169	927	196	8672	0.522249514	201	15.69022104	34.28793428	11.74060164	5	22260000	31
20220929 022921	binary	custom	TRUE	TRUE	FALSE	-100	31	134	TRUE	763381	0.039016834	0.462466315	5958	387	12311	0.777682932	307	27.93541951	66.74378719	8.697698992	8	22180000	7
20220929 024658	binary	custom	TRUE	TRUE	FALSE	-100	31	82	TRUE	763381	0.053933893	0.507537145	4246	231	5155	0.876622346	422	26.14892102	25.1468085	3.596928133	10	22170000	55
20220929 023726	binary	custom	TRUE	TRUE	FALSE	-100	31	262	TRUE	763381	0.014202909	0.992255723	5666	893	9834	0.478292467	337	32.76095523	40.74116057	13.56407235	7	22100000	34
20220929 022816	binary	custom	TRUE	TRUE	FALSE	-100	31	34	TRUE	763381	0.135944324	0.588449694	3761	97	12261	0.63565774	512	50.69154489	63.0033428	5.367001377	17	22040000	4
20220929 023452	binary	custom	TRUE	TRUE	FALSE	-100	31	4	TRUE	763381	0.277418606	0.6396738	1616	735	9752	0.807606133	675	40.16390844	6.665122883	14.0414199	18	21780000	22
20220929 022949	binary	custom	TRUE	TRUE	FALSE	-100	31	11	TRUE	763381	0.266576083	0.791882265	6162	651	11788	0.605306685	778	90.54586634	50.83958778	14.62171185	6	21550000	9
20220929 023446	binary	custom	TRUE	TRUE	FALSE	-100	31	42	TRUE	763381	0.097847443	0.824807185	3162	61	12505	0.52434804	977	22.9829163	76.5798076	9.656577121	9	21550000	21
20220929 023621	binary	custom	TRUE	TRUE	FALSE	-100	31	81	TRUE	763381	0.074858151	0.971837017	4082	980	12797	0.223152669	568	18.35674712	56.72973243	1.197701697	26	21530000	29
20220929 022803	binary	custom	TRUE	TRUE	FALSE	-100	31	36	TRUE	763381	0.059687437	0.805242939	4323	566	7659	0.649659945	356	74.87941269	48.8517671	4.882026924	23	21490000	3
20220929 022943	binary	custom	TRUE	TRUE	FALSE	-100	31	101	TRUE	763381	0.030097807	0.635419205	2085	755	5546	0.723920281	872	35.51162106	38.03179637	10.55079044	9	21470000	8
20220929 023603	binary	custom	TRUE	TRUE	FALSE	-100	31	90	TRUE	763381	0.069930343	0.537098984	7635	609	14303	0.990377832	541	79.05741668	87.69137357	0.974891598	25	21400000	27
20220929 022749	binary	custom	TRUE	TRUE	FALSE	-100	31	32	TRUE	763381	0.082664941	0.846300628	2517	668	8283	0.462508357	636	81.27566444	97.325613	7.95723724	20	21360000	2
20220929 023058	binary	custom	TRUE	TRUE	FALSE	-100	31	26	TRUE	763381	0.244733146	0.201129947	4820	345	9055	0.451726615	630	31.39215783	33.77585869	7.512779482	15	21170000	17
20220929 023050	binary	custom	TRUE	TRUE	FALSE	-100	31	12	TRUE	763381	0.290414609	0.921004158	167	554	11398	0.372481154	468	84.62620632	72.0907814	6.229064142	16	21130000	16
20220929 023907	binary	custom	TRUE	TRUE	FALSE	-100	31	22	TRUE	763381	0.086920627	0.310271989	727	797	10596	0.16498945	842	3.002701183	8.585930526	13.78861591	1	20970000	41
20220929 023025	binary	custom	TRUE	TRUE	FALSE	-100	31	83	TRUE	763381	0.055976571	0.728638828	3840	281	6545	0.577093093	415	25.06845032	99.1010178	12.1982942	27	20910000	13
20220929 023044	binary	custom	TRUE	TRUE	FALSE	-100	31	37	TRUE	763381	0.194583445	0.22835918	6490	380	10987	0.835891396	243	97.31796348	41.95708115	3.664474658	14	20670000	15
20220929 023642	binary	custom	TRUE	TRUE	FALSE	-100	31	12	TRUE	763381	0.280056372	0.947627301	1370	1013	14000	0.84954557	924	56.70362042	77.76642864	12.34060009	19	20640000	32
20220929 023926	binary	custom	TRUE	TRUE	FALSE	-100	31	7	TRUE	763381	0.201863522	0.772487168	6339	222	6886	0.757110033	697	71.96001771	58.89618685	9.295376753	24	20630000	44
20220929 022738	binary	custom	TRUE	TRUE	FALSE	-100	31	18	TRUE	763381	0.146301697	0.500563015	5395	455	5921	0.672474683	396	63.54655777	45.96813449	11.14843589	17	20480000	1
20220929 023629	binary	custom	TRUE	TRUE	FALSE	-100	31	14	TRUE	763381	0.099710984	0.306200095	1141	68	7445	0.1876621	209	70.18583857	59.62307341	1.561770327	13	20470000	30
20220929 023514	binary	custom	TRUE	TRUE	FALSE	-100	31	20	TRUE	763381	0.185415723	0.335795612	2718	333	13772	0.548976699	377	22.71494203	90.97514598	13.05495455	24	20380000	24
20220929 023937	binary	custom	TRUE	TRUE	FALSE	-100	31	9	TRUE	763381	0.235526592	0.707461377	269	920	12570	0.200987837	29	24.49153053	21.85390889	13.93604699	21	20380000	45
20220929 035638	binary	custom	TRUE	TRUE	FALSE	-100	31	13	TRUE	763381	0.295976771	0.320555023	204	88	10552	0.240838783	288	25.5810681	13.52514648	4.725012191	9	19860000	126
20220929 023110	binary	custom	TRUE	TRUE	FALSE	-100	31	21	TRUE	763381	0.164084047	0.396267616	5067	836	11921	0.269866527	811	83.68114513	81.34272059	6.041594804	25	19840000	19
20220929 023539	binary	custom	TRUE	TRUE	FALSE	-100	31	35	TRUE	763381	0.032125223	0.687592724	6714	147	5004	0.359686175	559	57.85922323	28.72203161	8.450261981	1	19840000	26
20220929 023609	binary	custom	TRUE	TRUE	FALSE	-100	31	15	TRUE	763381	0.143375522	0.8794662	2361	174	14367	0.417201186	451	99.12210627	9.603820674	7.486855753	28	19670000	28
20220929 023913	binary	custom	TRUE	TRUE	FALSE	-100	31	8	TRUE	763381	0.295596979	0.402168355	5547	971	13300	0.314843324	75	86.42954175	29.69907171	14.8842283	11	19640000	42
20220929 023034	binary	custom	TRUE	TRUE	FALSE	-100	31	22	TRUE	763381	0.18743124	0.350097913	6858	123	13080	0.278522608	907	64.93357751	19.72953064	4.267469218	29	19520000	14
20220929 023103	binary	custom	TRUE	TRUE	FALSE	-100	31	12	TRUE	763381	0.211077798	0.450013713	3033	937	5258	0.155051927	178	42.37123858	25.18441881	12.67305569	7	18370000	18
20220929 023005	binary	custom	TRUE	TRUE	FALSE	-100	31	8	TRUE	763381	0.220042291	0.761028718	874	855	13509	0.122088874	291	48.27961597	22.74377569	10.89854183	14	18110000	11
20220929 022831	binary	custom	TRUE	TRUE	FALSE	-100	31	4	TRUE	763381	0.235271381	0.938875149	4455	682	11362	0.105948427	975	66.59527509	43.91368178	3.995120744	13	-8880000	6
20220929 023731	binary	custom	TRUE	TRUE	FALSE	-100	31	1	TRUE	763381	0.262620243	0.475970336	7275	484	5804	0.047962342	14	76.75531207	94.69953149	5.462336169	12	-9200000	35
20220929 023647	binary	custom	TRUE	TRUE	FALSE	-100	31	1	TRUE	763381	0.254780623	0.904083146	557	428	7252	0.075309673	828	92.05464052	12.88172184	11.31698127	2	-12100000	33
20220929 023920	binary	custom	TRUE	TRUE	FALSE	-100	31	36	TRUE	763381	0.107496523	0.521356871	1954	505	14628	0.043793998	743	47.56717499	85.00553751	0.484396077	4	-21010000	43
20220929 023826	binary	custom	TRUE	TRUE	FALSE	-100	31	1	TRUE	763381	0.02133125	0.373433893	3375	793	14808	0.006069843	152	36.85058537	1.186400744	10.09123615	30	-24650000	38
