fecha	cp	minsplit	minbucket	maxdepth	xval_folds	ganancia	iteracion
20220911 073459	-0.790032585	1423.190938	705.3523091	9	5	23493333.33	114
20220911 072842	-0.803003658	1631.245913	813.8311144	11	5	23413333.33	92
20220911 072156	-0.579865362	1560.449195	661.2594134	16	5	23373333.33	68
20220911 072216	-0.99959536	1495.766411	744.0275779	20	5	23293333.33	69
20220911 072338	-0.708222071	1628.465829	809.2760454	12	5	23293333.33	74
20220911 072751	-0.90119792	1579.111268	788.6471659	20	5	23293333.33	89
20220911 073003	-0.816404835	1628.600382	813.5398572	7	5	23293333.33	97
20220911 071420	-0.379543804	1418.008603	706.3373559	12	5	23253333.33	41
20220911 072900	-0.745070732	1445.421657	715.5692988	10	5	23253333.33	93
20220911 073419	-0.27296028	1368.155357	625.724092	11	5	23253333.33	112
20220911 071637	-0.856893345	1728.602171	863.6647769	9	5	23240000	50
20220911 073215	-0.80271254	1445.957352	722.4613261	20	5	23240000	105
20220911 073401	-0.847803605	1481.002737	740.0086139	12	5	23213333.33	111
20220911 071458	-0.532028798	1365.798641	675.0358566	15	5	23200000	43
20220911 072733	-0.999460558	1275.407041	637.211792	11	5	23200000	88
20220911 072809	-0.688732586	1423.067351	708.8895182	14	5	23200000	90
20220911 073315	-0.343859937	1560.463119	768.5680586	13	5	23200000	108
20220911 070452	-0.270564066	2009.952981	120.8633521	11	5	23186666.67	4
20220911 072826	-0.267634455	1916.826431	359.9983549	10	5	23186666.67	91
20220911 073531	-0.784403409	1596.958054	789.230422	13	5	23186666.67	116
20220911 072653	-0.721345177	1440.155255	716.8801642	16	5	23173333.33	86
20220911 072252	-0.99969818	1267.240163	625.1900852	15	5	23160000	71
20220911 072500	-0.564168448	1551.677786	595.6173677	13	5	23146666.67	78
20220911 073438	-0.605131864	1560.312797	774.6584373	15	5	23146666.67	113
20220911 073124	-0.650395648	1337.868237	667.4075637	11	5	23133333.33	102
20220911 072128	-0.883033812	1343.820956	669.3132471	7	5	23093333.33	66
20220911 071723	-0.705674157	1558.319559	771.8781958	20	5	23080000	53
20220911 073052	-0.826305068	1917.274898	956.4547525	11	5	23080000	100
20220911 073235	-0.982726552	1517.972703	758.7197953	13	5	23080000	106
20220911 071524	-0.996145864	1838.152487	917.2923653	8	5	23066666.67	45
20220911 071800	-0.850525347	1819.476026	908.3459637	20	5	23066666.67	55
20220911 070922	-0.269271595	1623.726248	806.0821223	8	5	23026666.67	23
20220911 071232	-0.591378156	1797.836218	896.7226354	11	5	23026666.67	35
20220911 071358	-0.634097311	1521.072649	759.253263	7	5	23013333.33	40
20220911 071914	-0.285795238	1763.948315	414.4419255	12	5	2.30E+07	59
20220911 072419	-0.884573853	1975.197118	982.9243172	14	5	2.30E+07	76
20220911 071130	-0.386059435	1786.010345	58.45377958	13	5	22973333.33	31
20220911 071611	-0.927086511	2002.324681	999.9425625	6	5	22973333.33	48
20220911 072606	-0.369531877	1893.652892	461.4105946	14	5	22973333.33	83
20220911 072310	-0.385426608	2153.789241	657.9974576	17	5	22946666.67	72
20220911 072114	-0.225341338	1644.477885	687.5396445	5	5	22906666.67	65
20220911 071855	-0.531295351	1362.578584	677.5350083	9	5	22893333.33	58
20220911 072442	-0.999752738	1844.563591	921.9493424	18	5	22893333.33	77
20220911 072537	-0.704331831	1764.137522	879.3544041	8	5	22893333.33	81
20220911 071742	-0.660182323	1723.200959	858.2610408	17	5	22853333.33	54
20220911 072948	-0.598944715	1370.592012	684.4177806	20	5	22853333.33	96
20220911 071111	-0.374855496	2299.782943	996.575013	15	5	22840000	30
20220911 071054	-0.40727993	2075.148599	968.0503774	15	5	22826666.67	29
20220911 071215	-0.675122373	1521.79107	336.3904501	10	5	22800000	34
20220911 071308	-0.621150775	842.9873084	416.508784	14	5	22773333.33	37
20220911 072043	-0.352286472	1003.082345	194.6773406	11	5	22760000	63
20220911 071654	-0.936262743	1740.871008	866.4020778	9	5	22746666.67	51
20220911 073342	-0.892134085	1984.268533	991.5906802	8	5	22733333.33	110
20220911 071438	-0.559764174	1981.841814	987.9379156	19	5	22720000	42
20220911 072233	-0.950041827	1999.385788	999.4396245	20	5	22693333.33	70
20220911 071819	-0.770159774	1994.496444	996.2546165	19	5	22653333.33	56
20220911 072002	-0.352126698	1126.566903	253.522343	15	5	22653333.33	61
20220911 071140	-0.152194107	1820.37948	907.3623933	3	5	22613333.33	32
20220911 072715	-0.546098743	1417.075781	168.1090344	17	5	22586666.67	87
20220911 073143	-0.297087568	1895.316649	224.2717648	11	5	22573333.33	103
20220911 072321	-0.690291377	1431.799001	714.8277343	3	5	22520000	73
20220911 073255	-0.264034646	2546.570378	270.2204895	12	5	22520000	107
20220911 072522	-0.588774249	1068.293636	430.3899125	5	5	22480000	80
20220911 073033	-0.192356369	2223.18808	999.0069513	6	5	22466666.67	99
20220911 073513	-0.717632092	1082.088584	540.5731821	6	5	22413333.33	115
20220911 071839	-0.863279337	1102.727192	549.7824407	17	5	22400000	57
20220911 073155	-0.357463677	1567.529716	783.5572212	4	5	22400000	104
20220911 070713	-0.401121875	1002.125109	454.6492103	8	5	22346666.67	14
20220911 073105	-0.999981042	1120.179901	559.4183023	6	5	22333333.33	101
20220911 070516	-0.904639996	2613.014409	484.5083472	12	5	22293333.33	6
20220911 071509	-0.517963307	1578.806994	787.3206495	3	5	22240000	44
20220911 072138	-0.058039588	1997.7917	994.2336257	3	5	22200000	67
20220911 072510	-0.254580681	1941.485759	970.7118124	3	5	22186666.67	79
20220911 072547	-0.865333001	2000.417498	997.8742796	3	5	22173333.33	82
20220911 071248	-0.575145628	144.6827339	67.86832319	9	5	22080000	36
20220911 072102	-0.453653579	1022.246524	509.5819569	14	5	22040000	64
20220911 071008	-0.273993841	2534.402646	2.729686359	7	5	21866666.67	26
20220911 072919	-0.101066983	3600.860929	461.2132955	20	5	21866666.67	94
20220911 070721	-0.01478674	879.3611503	212.7814742	3	5	21826666.67	15
20220911 071325	-0.622501466	2760.171197	2.426483215	11	5	21733333.33	38
20220911 070907	-0.322152698	3014.415807	532.1869444	10	5	21653333.33	22
20220911 071704	-0.11054301	2711.217061	315.9503942	3	5	21613333.33	52
20220911 073326	-0.185413669	1971.979478	524.3521067	3	5	21573333.33	109
20220911 071557	-0.960805953	201.8331049	100.1389852	8	5	21546666.67	47
20220911 070939	-0.822028668	3375.235241	617.5777188	14	5	21466666.67	24
20220911 072635	-0.071057589	1192.411351	326.1737366	3	5	21453333.33	85
20220911 070806	-0.15117089	3382.886191	249.1840308	20	5	21386666.67	18
20220911 070639	-0.152497184	2933.257103	761.1603678	12	5	21373333.33	12
20220911 071024	-0.271099802	3597.029898	996.5551582	12	5	21346666.67	27
20220911 073020	-0.536050994	4999.375552	783.8865834	20	5	21320000	98
20220911 072402	-0.999900794	425.8652704	210.8885939	20	5	21306666.67	75
20220911 071941	-0.652250909	2046.055892	1.921482159	20	5	21280000	60
20220911 070420	-0.07880608	3208.801551	395.5031156	18	5	21240000	2
20220911 071038	-0.872476689	4998.976411	841.0667899	8	5	21226666.67	28
20220911 072625	-0.150369194	2904.067107	763.0863541	18	5	21226666.67	84
20220911 070815	-0.301504252	534.9602567	228.3796548	3	5	21200000	19
20220911 070624	-0.763581209	3815.612256	974.9188975	6	5	21173333.33	11
20220911 071344	-0.764451131	272.1491172	133.8802054	12	5	21106666.67	39
20220911 071158	-0.396531601	4999.559237	486.8619227	16	5	21013333.33	33
20220911 071620	-0.999996969	2765.871615	585.1049436	3	5	21013333.33	49
20220911 072929	-0.079397419	4735.924554	952.2822617	3	5	2.10E+07	95
20220911 070736	-0.673842619	4383.275198	858.1758749	16	5	20986666.67	16
20220911 071541	-0.999963879	3809.208836	964.1349062	12	5	20960000	46
20220911 070553	-0.328621806	4436.764798	870.350091	20	5	20920000	8
20220911 070955	-0.118152297	4937.263256	986.1207805	19	5	20893333.33	25
20220911 070436	-0.491956731	3548.351054	171.4261003	13	5	20866666.67	3
20220911 070825	-0.269532184	4963.853628	992.6793452	3	5	20720000	20
20220911 070501	-0.598247544	4859.754224	578.3177067	4	5	20706666.67	5
20220911 070600	-0.813512803	1847.917829	60.88766901	3	5	20466666.67	9
20220911 070613	-0.207705721	4368.102976	240.8125461	9	5	20386666.67	10
20220911 070701	-0.932590735	3122.283623	20.03724061	19	5	20346666.67	13
20220911 070746	-0.047641143	19.70543424	1.136225626	3	5	20133333.33	17
20220911 072024	-0.137344291	4487.165607	13.89971231	17	5	19413333.33	62
20220911 070852	-0.247412008	22.46822093	4.222243282	20	5	10880000	21
20220911 070357	0.054926634	2907.905515	338.643509	10	5	-1220000	1
20220911 070527	0.023860045	2208.888907	520.6569825	14	5	-1500000	7
