fecha	cp	minsplit	minbucket	maxdepth	xval_folds	ganancia	iteracion
20220911 023521	-0.389353895524982	4477.48575217997	333.274059284202	15	5	19933333.3333333	1
20220911 023534	-0.597724472063419	1778.28992387609	150.878612083761	7	5	22173333.3333333	2
20220911 023548	-0.362754625960952	2227.66336485287	570.271976105665	8	5	20960000	3
20220911 023606	-0.109008496830938	2703.08475072354	559.904088792478	20	5	20293333.3333333	4
20220911 023623	-0.0691754640181897	2960.71458567143	769.267129927335	13	5	19800000	5
20220911 023640	-0.73697065092274	944.438053615726	286.312432327148	12	5	22413333.3333333	6
20220911 023656	0.00261376741982544	4878.82865170061	378.435070060601	14	5	-1260000	7
20220911 023714	-0.940890113278874	1966.89239473947	888.566803874346	17	5	21733333.3333333	8
20220911 023733	-0.527823393829749	3451.97216540096	446.857453848468	18	5	19160000	9
20220911 023744	-0.868782447568083	3176.38673621061	73.9879756223963	6	5	18800000	10
20220911 023753	0.0813728501118023	4252.69881399974	210.658034953929	5	5	-980000	11
20220911 023807	-0.46379216593341	3818.85817924808	969.509194352126	10	5	19253333.3333333	12
20220911 023823	-0.237989312768332	203.73805344211	10.9226977158105	9	5	19293333.3333333	13
20220911 023831	0.0876427481882276	4995.2470116013	802.378187542083	5	5	-1340000	14
20220911 023850	-0.756668591980512	1379.34351434334	478.865415438544	15	5	21813333.3333333	15
20220911 023908	-0.295307347248308	3005.50908836699	126.239619246218	14	5	21120000	16
20220911 023925	-0.142465498295756	2002.0709832675	998.342666208428	9	5	21613333.3333333	17
20220911 023937	-0.676398088850612	1797.45369659596	898.567721495751	4	5	19920000	18
20220911 024007	-0.650459330759429	8.5969876438487	1.28680820011273	20	5	6213333.33333333	19
20220911 024027	-0.196786558528736	1729.56615410354	861.346704139114	15	5	22026666.6666667	20
20220911 024043	-0.75569008550477	2172.8300211291	469.820293438273	10	5	20880000	21
20220911 024053	-0.573091468378669	2967.32556558601	612.967112087015	3	5	19040000	22
20220911 024108	-0.97925525424123	660.184881307296	329.930208834312	6	5	22106666.6666667	23
20220911 024128	-0.888006233615064	1049.60428024781	524.369847286065	13	5	21853333.3333333	24
20220911 024138	-0.746092023870058	944.945773682965	179.160563106202	3	5	19986666.6666667	25
20220911 024201	-0.947072849031732	11.2134114856703	4.78707565265644	14	5	12120000	26
20220911 024218	-0.999853018594897	1591.99356269226	288.028195801504	10	5	21973333.3333333	27
20220911 024235	-0.204576463657473	1113.98288474531	268.466019036405	10	5	22480000	28
20220911 024253	-0.53053302387414	1170.4634140774	384.333674163382	10	5	21906666.6666667	29
20220911 024312	-0.970460362633668	4598.75635790433	838.297360208455	16	5	18453333.3333333	30
20220911 024332	-0.259531009977081	1729.24267916928	1.28013913666954	12	5	18573333.3333333	31
20220911 024352	-0.0969716529160929	889.526368504018	444.646408867088	11	5	20866666.6666667	32
20220911 024410	-0.223854900402068	2803.33651916581	999.787347507557	15	5	19840000	33
20220911 024423	-0.419668592709138	2890.94394020386	208.011000787289	6	5	21373333.3333333	34
20220911 024440	-0.222834152513	1108.94716168771	553.874994041734	8	5	21573333.3333333	35
20220911 024501	-0.132888297844541	1470.57203942559	734.438948173793	15	5	21440000	36
20220911 024517	-0.63413776471997	4414.7216513542	56.1612914177387	10	5	19573333.3333333	37
20220911 024539	-0.651448081716655	1668.38254039473	296.185631716129	11	5	22213333.3333333	38
20220911 024558	-0.999948225494696	926.332409595083	378.731377685441	11	5	22240000	39
20220911 024614	-0.999625609351872	1665.51782223968	831.979135878264	8	5	22120000	40
20220911 024633	-0.769265000595512	1616.27536156794	807.126855993664	13	5	21706666.6666667	41
20220911 024649	-0.742226199553491	1204.34034687137	313.41840363119	8	5	22280000	42
20220911 024705	-0.312926620717282	687.697666883231	272.563318540127	8	5	22573333.3333333	43
20220911 024722	-0.171590187863044	2116.97730455915	837.220209900259	10	5	21786666.6666667	44
20220911 024741	-0.228676126250683	615.005667134821	305.021309258652	12	5	2.2e+07	45
20220911 024752	-0.191186928541552	467.947573042969	233.277166537557	3	5	20453333.3333333	46
20220911 024809	-0.373328825391357	1095.81881926723	242.993470463693	9	5	23160000	47
20220911 024819	-0.999650992312413	3849.73888083589	999.804451902145	3	5	18786666.6666667	48
20220911 024830	0.0993895151814042	2009.1623702033	999.237608284201	20	5	-1060000	49
20220911 024849	-0.592995479598515	1947.26216030592	972.53378615039	14	5	21773333.3333333	50
20220911 024910	-0.360069325986006	1678.51453801403	835.490580703787	20	5	22106666.6666667	51
20220911 024930	-0.348457473531057	1718.42084228742	279.703263294415	14	5	22173333.3333333	52
20220911 024944	-0.0872138839953007	1760.39973226847	878.313882184132	5	5	21386666.6666667	53
20220911 024954	-0.999868180959817	4994.12214270405	247.119073846856	3	5	18693333.3333333	54
20220911 025010	-0.58624478529443	3207.85603581647	242.39946092891	9	5	20413333.3333333	55
20220911 025030	-0.448265458236939	1619.39680810738	808.419745591288	14	5	21520000	56
20220911 025051	-0.299886512720614	2900.40381421524	583.273902089275	20	5	20640000	57
20220911 025105	-0.610106055259315	887.887526424991	359.521100576266	6	5	21946666.6666667	58
20220911 025125	-0.716100119482804	1954.60349174597	973.957943589877	20	5	21360000	59
20220911 025141	-0.358316085617869	1222.09472045809	172.732634245008	8	5	22493333.3333333	60
20220911 025151	-0.999958963248438	1146.01027969319	527.462960298246	3	5	19200000	61
20220911 025210	-0.97680028389762	2003.21059440285	998.995447678651	12	5	21693333.3333333	62
20220911 025220	-0.607933621665572	4998.75919068534	955.591372609973	3	5	17746666.6666667	63
20220911 025237	-0.383573153939416	827.696769641926	271.474577748451	9	5	22573333.3333333	64
20220911 025253	-0.943464923734146	1080.3301381289	352.115283730743	9	5	22333333.3333333	65
20220911 025311	-0.317037217315101	1071.42709931433	255.595935767224	10	5	22853333.3333333	66
20220911 025331	-0.518574570333172	1827.30951523166	910.556244917626	20	5	21760000	67
20220911 025349	-0.826763437613862	1334.20030380615	321.284884141494	12	5	22146666.6666667	68
20220911 025409	-0.121402212167047	2079.26894126606	895.509900921151	20	5	21600000	69
20220911 025423	-0.517564342396763	1325.63792358211	235.141687987334	6	5	22506666.6666667	70
20220911 025445	-0.789148146998428	4999.68975930118	208.284354974938	20	5	18986666.6666667	71
20220911 025505	-0.999891491603924	3802.12091986423	256.516289771684	15	5	20026666.6666667	72
20220911 025515	-0.120590582835208	3114.51181420403	861.859991990796	3	5	19186666.6666667	73
20220911 025532	-0.274200743157808	1336.40632950036	235.739189276409	9	5	22813333.3333333	74
20220911 025552	-0.371670634454321	1752.01250993345	239.993494342966	9	5	22493333.3333333	75
20220911 025616	-0.200321900430198	1120.99435411184	233.273202803134	20	5	23106666.6666667	76
20220911 025639	-0.269809472988995	1095.34332176987	240.369058055664	17	5	23066666.6666667	77
20220911 025701	-0.37049477890286	2920.22250770967	228.381252162047	20	5	20933333.3333333	78
20220911 025724	-0.195213726207682	1074.73026713658	227.346888799301	17	5	22693333.3333333	79
20220911 025746	-0.206696567914857	1065.89497796712	456.113162210901	20	5	21066666.6666667	80
20220911 025807	-0.282535551982027	1085.76502769737	232.55420978997	14	5	22546666.6666667	81
20220911 025829	-0.24419031854694	1367.22135721741	245.091220844304	20	5	22920000	82
20220911 025854	-0.107968536147411	465.653565254154	229.702373326467	20	5	22106666.6666667	83
20220911 025911	-0.108918765552039	1734.14512111381	863.968570058125	9	5	21746666.6666667	84
20220911 025932	-0.691326776383444	1427.97549116137	713.513155391059	16	5	21586666.6666667	85
20220911 025945	-0.369004406087052	1958.79045237111	978.569544541026	5	5	21506666.6666667	86
20220911 025958	-0.374523081245982	4998.68385175666	71.8740142618541	5	5	18200000	87
20220911 030013	-0.262581996596066	1036.84630060419	246.454443413883	7	5	23053333.3333333	88
20220911 030028	-0.368677002052695	1119.58407052317	252.563526020356	7	5	22666666.6666667	89
20220911 030044	-0.618248656373432	1075.1366633169	230.452430458755	8	5	22813333.3333333	90
20220911 030059	-0.0944196681342296	478.955255081416	235.70062160526	7	5	23346666.6666667	91
20220911 030115	-0.144863310029523	480.877997217903	239.892001808091	8	5	23080000	92
20220911 030135	-0.999575815128509	1646.58080737237	821.283159828133	20	5	21520000	93
20220911 030157	-0.268789446484018	2027.74951360508	232.443074847586	18	5	21986666.6666667	94
20220911 030213	-0.082906124301047	490.989170617889	239.696796356922	8	5	23426666.6666667	95
20220911 030233	-0.977816755620773	1336.49162882855	665.371345728569	13	5	21880000	96
20220911 030251	-0.99355649730749	4997.98625887889	104.186178197106	12	5	18826666.6666667	97
20220911 030305	-0.533363211999405	1998.19364751684	997.941323712349	6	5	21666666.6666667	98
20220911 030326	-0.47308976176874	4996.65422552514	115.637807540794	15	5	18560000	99
20220911 030341	-0.0867067226291046	632.888420101667	139.167792344392	8	5	22466666.6666667	100
20220911 030355	-0.898747245112575	1999.40243062491	998.206440549094	6	5	21546666.6666667	101
20220911 030415	-0.734265704478738	4988.93671549733	577.504282375445	15	5	18040000	102
20220911 030427	-0.489523932122471	4103.08825139584	222.870521890905	5	5	19773333.3333333	103
20220911 030447	-0.854570025289554	1715.95415026989	856.717201498737	20	5	21933333.3333333	104
20220911 030504	-0.236478738339524	705.448668042337	234.802159429749	9	5	23013333.3333333	105
20220911 030524	-0.184510643054494	2795.3046453117	776.207303894874	20	5	19306666.6666667	106
20220911 030544	-0.306216419804581	1813.90639099103	905.33630314709	12	5	21720000	107
20220911 030607	-0.375728246332577	1886.37264147399	937.533009207513	17	5	21693333.3333333	108
20220911 030625	-0.451628109319978	1145.75751740296	236.834390995992	9	5	23066666.6666667	109
20220911 030648	-0.307746826641026	1086.61634549939	247.720349108267	20	5	23133333.3333333	110
20220911 030711	-0.374577569483614	1144.2032686014	244.808285841836	17	5	23200000	111
20220911 030732	-0.375710383406022	1199.01919848373	599.254456872858	19	5	22013333.3333333	112
20220911 030746	-0.25204895598327	1994.43929378184	979.804919759819	6	5	21640000	113
20220911 030801	-0.0762662746066627	1210.76545297501	605.375148074309	7	5	21800000	114
20220911 030823	-0.96798047066007	1179.13699885214	345.264471541175	20	5	22373333.3333333	115
20220911 030843	-0.916421016011915	2034.18915060616	571.207163182749	20	5	21133333.3333333	116
