fecha	cp	minsplit	minbucket	maxdepth	xval_folds	ganancia	iteracion
20220911 232824	-0.341255357	1586.10924	789.1324756	20	5	23386666.67	112
20220911 230626	-0.465319456	469.0382833	158.7549783	5	5	23226666.67	34
20220911 232611	-0.756241549	1812.206278	904.2079571	11	5	23200000	104
20220911 231718	-0.664176692	1828.195103	912.6243743	17	5	23173333.33	73
20220911 230449	-0.5012138	723.7430866	160.0056641	5	5	23160000	27
20220911 231527	-0.407646624	689.6329778	197.6771949	5	5	23160000	66
20220911 231300	-0.913071082	2005.879583	998.1302687	20	5	23146666.67	57
20220911 232649	-0.7742064	1844.472376	919.6187597	20	5	23146666.67	106
20220911 232910	-0.323595731	1929.657243	963.885124	20	5	23146666.67	114
20220911 232553	-0.19500663	1991.290889	992.542304	14	5	23133333.33	103
20220911 231030	-0.999724685	1724.99475	858.9138462	20	5	23120000	49
20220911 231834	-0.880310808	2071.007013	835.7358071	12	5	23120000	77
20220911 232948	-0.462175201	1556.593692	776.5979619	20	5	23093333.33	116
20220911 230438	-0.477927819	858.6613172	191.9945608	6	5	23080000	26
20220911 231145	-0.809099289	2134.499962	999.8758804	17	5	23080000	53
20220911 230112	-0.472185668	661.9111913	93.62530638	7	5	23066666.67	11
20220911 232110	-0.690828003	2011.967058	999.0828405	12	5	23066666.67	86
20220911 232926	-0.356573971	673.7317808	155.3873336	5	5	23066666.67	115
20220911 232226	-0.197108172	1799.242522	898.3194688	17	5	23053333.33	90
20220911 232148	-0.804428277	1973.069916	760.799347	13	5	23040000	88
20220911 230709	-0.191161859	1959.9205	938.4656585	10	5	23026666.67	37
20220911 231504	-0.942538213	1647.283793	733.9644849	17	5	23026666.67	64
20220911 232417	-0.364557624	1964.12429	981.1691255	16	5	23026666.67	97
20220911 231444	-0.462718028	2001.955661	999.1656705	18	5	2.30E+07	63
20220911 232504	-0.91714961	1970.454677	983.7297402	14	5	22960000	100
20220911 232850	-0.547615791	1805.486765	160.8096062	20	5	22960000	113
20220911 231934	-0.870714994	1721.21533	858.6158394	18	5	22920000	80
20220911 232631	-0.958736438	1992.03051	995.9566293	20	5	22893333.33	105
20220911 225849	-0.522350499	4121.195495	451.3724484	9	5	22853333.33	1
20220911 230052	-0.701230985	3954.992484	554.1948631	9	5	22853333.33	9
20220911 232706	-0.890675877	3782.308556	133.0592154	9	5	22853333.33	107
20220911 230038	-0.104852797	2844.642702	167.8005966	11	5	22840000	8
20220911 225859	-0.360156152	1873.693514	375.7107111	5	5	22826666.67	2
20220911 231815	-0.607111107	1990.44267	992.3157797	20	5	22826666.67	76
20220911 231357	-0.722549895	1365.796475	682.6658472	20	5	22813333.33	60
20220911 231852	-0.074034485	3972.582662	868.903542	20	5	22813333.33	78
20220911 230843	-0.191674669	3112.448464	85.53471555	10	5	22786666.67	43
20220911 232051	-0.84194532	4657.024923	163.7663743	11	5	22786666.67	85
20220911 232129	-0.702128618	2176.526657	994.6276536	18	5	22786666.67	87
20220911 230504	-0.52136916	722.5032135	352.3731687	7	5	22773333.33	28
20220911 230556	-0.565289068	2446.811866	847.7534653	14	5	22773333.33	32
20220911 231755	-0.446363428	1464.136904	731.3660983	11	5	22773333.33	75
20220911 231318	-0.99895778	2782.753542	999.489213	16	5	22760000	58
20220911 230147	-0.413906608	4814.757751	883.947895	16	5	22746666.67	13
20220911 230403	-0.665614014	3875.594654	945.6106334	20	5	22746666.67	23
20220911 230101	-0.207859421	3147.514201	960.5082923	4	5	22720000	10
20220911 230225	-0.465539943	4385.823509	509.7970524	17	5	22720000	16
20220911 230305	-0.458278776	4106.138785	853.4817761	10	5	22706666.67	19
20220911 230726	-0.1795999	4023.475442	998.0866895	12	5	22693333.33	38
20220911 231242	-0.731450835	3418.986169	999.9816017	14	5	22693333.33	56
20220911 232309	-0.201864477	4446.697499	700.9763409	7	5	22693333.33	93
20220911 232753	-0.507586671	1988.921771	993.7733445	5	5	22693333.33	110
20220911 230514	-0.491508112	736.3957375	94.78298939	3	5	22680000	29
20220911 230334	-0.453740483	2762.451193	857.5556541	3	5	22666666.67	21
20220911 231048	-0.12124858	2564.606236	999.7675147	20	5	22666666.67	50
20220911 231658	-0.224648993	3007.195342	993.8387566	10	5	22653333.33	72
20220911 230023	-0.005438522	4627.194052	735.6599772	20	5	22640000	7
20220911 231737	-0.507177962	3611.902125	849.280459	17	5	22640000	74
20220911 232338	-0.650394328	1871.966975	933.7867927	4	5	22640000	95
20220911 231415	-0.580101793	3928.476557	140.7230391	12	5	22613333.33	61
20220911 231538	-0.300630172	2004.440906	998.4194381	4	5	22600000	67
20220911 231547	-0.249881421	3554.196142	485.455875	3	5	22600000	68
20220911 225928	-0.281941207	2340.714936	867.9136359	12	5	22586666.67	4
20220911 230757	-0.403686326	4247.11919	899.0085077	20	5	22586666.67	40
20220911 232515	-0.558994609	4093.831957	583.7766593	4	5	22586666.67	101
20220911 232358	-0.100134182	1287.966977	641.8412879	20	5	22573333.33	96
20220911 230131	-0.880798622	2645.154952	290.2790787	18	5	22560000	12
20220911 230249	-0.72877046	1756.796442	372.3943199	4	5	22560000	18
20220911 230416	-0.353241461	3406.110689	24.59114157	6	5	22560000	24
20220911 230827	-0.05079523	4999.625414	574.0767204	20	5	22560000	42
20220911 232024	-0.181516087	4669.236153	159.0966243	5	5	22560000	83
20220911 230528	-0.347891013	2892.073369	336.61607	8	5	22533333.33	30
20220911 231642	-0.816087365	2001.533244	999.9845681	3	5	22520000	71
20220911 230425	-0.827484137	1888.039671	223.170419	3	5	22506666.67	25
20220911 231336	-0.826688325	3900.81462	804.6854638	20	5	22506666.67	59
20220911 230346	-0.706002508	2904.753119	476.8903603	6	5	22466666.67	22
20220911 231606	-0.137796839	2948.798509	685.5481295	15	5	22466666.67	69
20220911 230325	-0.056431616	2490.046951	500.0198383	19	5	22453333.33	20
20220911 232429	-0.369878072	3733.365759	844.005986	4	5	22453333.33	98
20220911 225912	-0.844862608	1118.889958	343.0139898	8	5	22440000	3
20220911 225948	-0.109266218	3580.757419	199.1708466	19	5	22440000	5
20220911 232206	-0.157518822	2343.526826	223.7857157	11	5	22440000	89
20220911 230239	-0.782713241	2351.214702	232.8205719	7	5	22426666.67	17
20220911 231127	-0.531426317	4990.140343	999.8003902	20	5	22426666.67	52
20220911 232534	-0.644337529	4149.741198	513.0855996	16	5	22426666.67	102
20220911 232728	-0.095685169	2435.009437	140.3112586	17	5	22426666.67	108
20220911 230155	-0.977445429	1979.89635	801.5383915	3	5	22400000	14
20220911 232254	-0.197351314	3100.725074	126.3938874	3	5	22400000	92
20220911 231426	-0.413736906	4988.849333	187.6331824	4	5	22373333.33	62
20220911 230637	-0.464640268	1544.273974	2.111460827	5	5	22360000	35
20220911 231915	-0.968038025	2402.055029	553.9288369	11	5	22360000	79
20220911 230652	-0.614308226	4999.962106	773.7147167	10	5	22346666.67	36
20220911 232033	-0.648992079	4212.185005	200.1131862	3	5	22346666.67	84
20220911 230739	-0.481809423	127.676086	63.21679329	6	5	22306666.67	39
20220911 231224	-0.999968272	4966.846341	546.1733236	20	5	22293333.33	55
20220911 230935	-0.3165126	4988.746591	998.8435577	3	5	22266666.67	46
20220911 230538	-0.734752062	4903.404656	814.5915035	4	5	22253333.33	31
20220911 231205	-0.135423356	720.3257625	140.0715778	13	5	22240000	54
20220911 230925	-0.434582349	646.2210984	201.0608815	15	5	22186666.67	45
20220911 232326	-0.65351717	679.1130116	181.3493863	9	5	22173333.33	94
20220911 232740	-0.449496194	3549.918424	421.4251383	5	5	22173333.33	109
20220911 232804	-0.284516914	4994.024472	152.0593887	4	5	22120000	111
20220911 230614	-0.29554146	994.4843496	244.399661	11	5	22080000	33
20220911 230904	-0.920742833	4997.676664	999.620598	13	5	22080000	44
20220911 230950	-0.999998716	4282.371346	1.316819021	9	5	22066666.67	47
20220911 231011	-0.701843942	4998.734459	114.7560673	17	5	22066666.67	48
20220911 231110	-0.999782706	519.2392265	253.2845128	15	5	22053333.33	51
20220911 232245	-0.108393262	4161.356579	2.177555926	12	5	21973333.33	91
20220911 230006	-0.783346354	1324.203891	51.18543235	13	5	21906666.67	6
20220911 232445	-0.50377447	4972.938138	146.3355553	10	5	21893333.33	99
20220911 231514	-0.914837832	4999.742837	325.0530276	3	5	21800000	65
20220911 231944	-0.936020162	11.27317055	1.969419673	3	5	21800000	81
20220911 230207	-0.265227511	155.6257306	37.52451813	7	5	21680000	15
20220911 231632	-0.012495001	4236.397803	1.161386264	20	5	21520000	70
20220911 232012	-0.999998748	2382.524139	1.298261278	20	5	21240000	82
20220911 230808	0.048332222	2241.663708	917.1715736	5	5	-1100000	41
