fecha	cols	rows	boosting	objective	metric	first_metric_only	boost_from_average	feature_pre_filter	force_row_wise	verbosity	max_depth	min_gain_to_split	min_sum_hessian_in_leaf	lambda_l1	lambda_l2	max_bin	num_iterations	bagging_fraction	pos_bagging_fraction	neg_bagging_fraction	drop_rate	max_drop	skip_drop	extra_trees	seed	learning_rate	feature_fraction	coverage	leaf_size_log	prob_corte	estimulos	ganancia	iteracion_bayesiana
20221119 033317	2692	669817	gbdt	binary	custom	TRUE	TRUE	FALSE	TRUE	-100	-1	0	0.001	0	0	31	1013	1	1	1	0.1	50	0.5	FALSE	763369	0.0660542210805579	0.637797148554819	0.679723498795647	3.58047869025904	0.018338361779423	19104	42432000	1
20221119 033805	2692	669817	gbdt	binary	custom	TRUE	TRUE	FALSE	TRUE	-100	-1	0	0.001	0	0	31	55	1	1	1	0.1	50	0.5	FALSE	763369	0.13825457156825	0.583807437054929	0.705876950859238	8.67723492661025	0.0151689868541872	17956	41688000	2
20221119 034309	2692	669817	gbdt	binary	custom	TRUE	TRUE	FALSE	TRUE	-100	-1	0	0.001	0	0	31	110	1	1	1	0.1	50	0.5	FALSE	763369	0.18697783349955	0.556090518532437	0.497068379140546	4.86964904806518	0.020366513402507	17369	42862000	3
20221119 034859	2692	669817	gbdt	binary	custom	TRUE	TRUE	FALSE	TRUE	-100	-1	0	0.001	0	0	31	112	1	1	1	0.1	50	0.5	FALSE	763369	0.13523644923931	0.272670159419067	0.383716433519294	8.26415558133158	0.0116388440636515	18212	42536000	4
20221119 040536	2692	669817	gbdt	binary	custom	TRUE	TRUE	FALSE	TRUE	-100	-1	0	0.001	0	0	31	723	1	1	1	0.1	50	0.5	FALSE	763369	0.259815898302913	0.457535799161997	0.195839382891427	4.09947674188879	0.0182601844013093	18804	43272000	5
20221119 042403	2692	669817	gbdt	binary	custom	TRUE	TRUE	FALSE	TRUE	-100	-1	0	0.001	0	0	31	316	1	1	1	0.1	50	0.5	FALSE	763369	0.0251787158263323	0.412298145081149	0.889006397886988	9.3687034141185	0.010193271770757	18002	44076000	6
20221119 043539	2692	669817	gbdt	binary	custom	TRUE	TRUE	FALSE	TRUE	-100	-1	0	0.001	0	0	31	1551	1	1	1	0.1	50	0.5	FALSE	763369	0.0391449430125067	0.72026884368679	0.15778218994601	5.47373767184035	0.019185659570204	18029	43542000	7
20221119 045326	2692	669817	gbdt	binary	custom	TRUE	TRUE	FALSE	TRUE	-100	-1	0	0.001	0	0	31	741	1	1	1	0.1	50	0.5	FALSE	763369	0.20394269158729	0.515076977622812	0.851395112540922	2.05257865242311	0.0229202637029492	16578	42444000	8
20221119 045910	2692	669817	gbdt	binary	custom	TRUE	TRUE	FALSE	TRUE	-100	-1	0	0.001	0	0	31	159	1	1	1	0.1	50	0.5	FALSE	763369	0.283569563788333	0.292991292494116	0.068911049853341	7.42685924818215	0.0167869896172688	18490	42860000	9
20221119 050854	2692	669817	gbdt	binary	custom	TRUE	TRUE	FALSE	TRUE	-100	-1	0	0.001	0	0	31	1321	1	1	1	0.1	50	0.5	FALSE	763369	0.0854827010026201	0.686597413764685	0.563947253409424	2.6411317850725	0.0190595928325703	19493	41174000	10
20221119 051623	2692	669817	gbdt	binary	custom	TRUE	TRUE	FALSE	TRUE	-100	-1	0	0.001	0	0	31	42	1	1	1	0.1	50	0.5	FALSE	763369	0.270906319275091	0.469192541352823	0.614009448925208	11.5090158613602	0.000250899835465141	20560	33200000	11
20221119 052108	2692	669817	gbdt	binary	custom	TRUE	TRUE	FALSE	TRUE	-100	-1	0	0.001	0	0	31	39	1	1	1	0.1	50	0.5	FALSE	763369	0.229278714427928	0.314284066585242	0.982561861434806	6.51586371989106	0.0187276582228263	17825	42910000	12
20221119 052358	2692	669817	gbdt	binary	custom	TRUE	TRUE	FALSE	TRUE	-100	-1	0	0.001	0	0	31	133	1	1	1	0.1	50	0.5	FALSE	763369	0.224894653900847	0.750178151408909	0.244424900945887	5.83734903650475	0.0203167886924353	17681	42638000	13
20221119 053224	2692	669817	gbdt	binary	custom	TRUE	TRUE	FALSE	TRUE	-100	-1	0	0.001	0	0	31	243	1	1	1	0.1	50	0.5	FALSE	763369	0.0551282072934555	0.204860942950472	0.307448735165235	10.6345897219144	0.00184305694650153	18530	42940000	14
20221119 054926	2692	669817	gbdt	binary	custom	TRUE	TRUE	FALSE	TRUE	-100	-1	0	0.001	0	0	31	874	1	1	1	0.1	50	0.5	FALSE	763369	0.172690461670281	0.353902304667281	0.437653698145732	1.48745949970908	0.0184994891111072	18174	38052000	15
20221119 060001	2692	669817	gbdt	binary	custom	TRUE	TRUE	FALSE	TRUE	-100	-1	0	0.001	0	0	31	245	1	1	1	0.1	50	0.5	FALSE	763369	0.110801511220488	0.789864097675309	0.782488253724296	10.4720473291964	1.33092238253863e-05	15811	42618000	16
20221119 060852	2692	669817	gbdt	binary	custom	TRUE	TRUE	FALSE	TRUE	-100	-1	0	0.001	0	0	31	263	1	1	1	0.1	50	0.5	FALSE	763369	0.0366758825095538	0.799907507946879	0.839135418469693	7.94144467204764	0.015189501070931	18341	43638000	17
20221119 061516	2692	669817	gbdt	binary	custom	TRUE	TRUE	FALSE	TRUE	-100	-1	0	0.001	0	0	31	46	1	1	1	0.1	50	0.5	FALSE	763369	0.103325067092551	0.799442027567638	0.946770488582527	9.64359005023339	0.0147759486750802	17695	42770000	18
20221119 061803	2692	669817	gbdt	binary	custom	TRUE	TRUE	FALSE	TRUE	-100	-1	0	0.001	0	0	31	108	1	1	1	0.1	50	0.5	FALSE	763369	0.286992581178158	0.732646806228476	0.999645419916852	3.17380700367594	0.0232454828288059	16973	43174000	19
20221119 063611	2692	669817	gbdt	binary	custom	TRUE	TRUE	FALSE	TRUE	-100	-1	0	0.001	0	0	31	806	1	1	1	0.1	50	0.5	FALSE	763369	0.0156641394356164	0.200057444735961	0.723192627947344	6.80342079123702	0.0188182227711034	16953	44974000	20
20221119 071813	2692	669817	gbdt	binary	custom	TRUE	TRUE	FALSE	TRUE	-100	-1	0	0.001	0	0	31	2903	1	1	1	0.1	50	0.5	FALSE	763369	0.0101305850597513	0.200922644756043	0.0535252359479888	7.47782989316355	0.0165560128866649	19208	42144000	21
20221119 072824	2692	669817	gbdt	binary	custom	TRUE	TRUE	FALSE	TRUE	-100	-1	0	0.001	0	0	31	447	1	1	1	0.1	50	0.5	FALSE	763369	0.0458118107175807	0.200612200580989	0.999817193377569	6.18883936591876	0.0169397803200854	18335	43170000	22
20221119 075008	2692	669817	gbdt	binary	custom	TRUE	TRUE	FALSE	TRUE	-100	-1	0	0.001	0	0	31	1055	1	1	1	0.1	50	0.5	FALSE	763369	0.0119171318590191	0.201767970986788	0.780980236174969	6.34560748000816	0.0156602872526184	19738	43164000	23
20221119 081825	2692	669817	gbdt	binary	custom	TRUE	TRUE	FALSE	TRUE	-100	-1	0	0.001	0	0	31	1305	1	1	1	0.1	50	0.5	FALSE	763369	0.010497193598524	0.245028978903854	0.690407268161644	6.19721129316001	0.0185400454957798	17963	44394000	24
20221119 083755	2692	669817	gbdt	binary	custom	TRUE	TRUE	FALSE	TRUE	-100	-1	0	0.001	0	0	31	1020	1	1	1	0.1	50	0.5	FALSE	763369	0.0102153583903392	0.782314752000732	0.726698897610012	6.67956290636862	0.0192415750285056	17918	43684000	25
20221119 084519	2692	669817	gbdt	binary	custom	TRUE	TRUE	FALSE	TRUE	-100	-1	0	0.001	0	0	31	232	1	1	1	0.1	50	0.5	FALSE	763369	0.229204495849734	0.274172409526972	0.179162256321476	9.17028383084332	0.00166678971897793	19453	37494000	26
20221119 084946	2692	669817	gbdt	binary	custom	TRUE	TRUE	FALSE	TRUE	-100	-1	0	0.001	0	0	31	745	1	1	1	0.1	50	0.5	FALSE	763369	0.298221221862966	0.752639461559521	0.0755928126455424	4.8527878961214	0.0202247575639163	17510	43300000	27
20221119 085335	2692	669817	gbdt	binary	custom	TRUE	TRUE	FALSE	TRUE	-100	-1	0	0.001	0	0	31	33	1	1	1	0.1	50	0.5	FALSE	763369	0.283157474890826	0.212019451440002	0.721812450539869	6.54718574783688	0.0143066100745842	20037	40246000	28
20221119 090006	2692	669817	gbdt	binary	custom	TRUE	TRUE	FALSE	TRUE	-100	-1	0	0.001	0	0	31	126	1	1	1	0.1	50	0.5	FALSE	763369	0.0392934087286406	0.221424359593671	0.582587556958044	7.39795781639735	0.0164185047080189	19487	43186000	29
20221119 091530	2692	669817	gbdt	binary	custom	TRUE	TRUE	FALSE	TRUE	-100	-1	0	0.001	0	0	31	442	1	1	1	0.1	50	0.5	FALSE	763369	0.0102406283461259	0.200937975006913	0.707891454704224	8.32320315711334	0.0172661263635318	17771	44858000	30
20221119 092531	2692	669817	gbdt	binary	custom	TRUE	TRUE	FALSE	TRUE	-100	-1	0	0.001	0	0	31	345	1	1	1	0.1	50	0.5	FALSE	763369	0.0279458297211436	0.203081516139527	0.707074699708172	7.27943754826273	0.0155712314349721	19201	43118000	31
20221119 101353	2692	669817	gbdt	binary	custom	TRUE	TRUE	FALSE	TRUE	-100	-1	0	0.001	0	0	31	2612	1	1	1	0.1	50	0.5	FALSE	763369	0.0127674735340683	0.294752210308405	0.337928455215066	5.97307644422766	0.0188618249224245	17828	44264000	32
20221119 102019	2692	669817	gbdt	binary	custom	TRUE	TRUE	FALSE	TRUE	-100	-1	0	0.001	0	0	31	124	1	1	1	0.1	50	0.5	FALSE	763369	0.0712891435993311	0.278250369949697	0.513991920006626	6.82166386845641	0.0185935279983177	17716	43928000	33
20221119 104620	2692	669817	gbdt	binary	custom	TRUE	TRUE	FALSE	TRUE	-100	-1	0	0.001	0	0	31	929	1	1	1	0.1	50	0.5	FALSE	763369	0.0101990722248662	0.606409120640008	0.98687798761258	8.57230781207947	0.0125621927515627	18060	43880000	34
20221119 105245	2692	669817	gbdt	binary	custom	TRUE	TRUE	FALSE	TRUE	-100	-1	0	0.001	0	0	31	120	1	1	1	0.1	50	0.5	FALSE	763369	0.0442105284154377	0.200032226195947	0.995928721963987	8.23379224014173	0.015433041512219	19232	42736000	35
20221119 111420	2692	669817	gbdt	binary	custom	TRUE	TRUE	FALSE	TRUE	-100	-1	0	0.001	0	0	31	938	1	1	1	0.1	50	0.5	FALSE	763369	0.0101561141554336	0.633985212052609	0.536682311491033	8.35819969266375	0.0130856706876941	19011	43178000	36
20221119 113502	2692	669817	gbdt	binary	custom	TRUE	TRUE	FALSE	TRUE	-100	-1	0	0.001	0	0	31	859	1	1	1	0.1	50	0.5	FALSE	763369	0.0101980956966455	0.217951125402269	0.586307236290236	6.76059109301138	0.0184560397706616	17877	44326000	37
20221119 115632	2692	669817	gbdt	binary	custom	TRUE	TRUE	FALSE	TRUE	-100	-1	0	0.001	0	0	31	746	1	1	1	0.1	50	0.5	FALSE	763369	0.0245690744901713	0.382668098769816	0.645446826368346	5.78721620858481	0.017880299588798	18691	43818000	38
20221119 120312	2692	669817	gbdt	binary	custom	TRUE	TRUE	FALSE	TRUE	-100	-1	0	0.001	0	0	31	125	1	1	1	0.1	50	0.5	FALSE	763369	0.0853793945159235	0.289676167479631	0.993388444724097	6.84233344263006	0.0182688502981962	17730	44540000	39
20221119 121752	2692	669817	gbdt	binary	custom	TRUE	TRUE	FALSE	TRUE	-100	-1	0	0.001	0	0	31	356	1	1	1	0.1	50	0.5	FALSE	763369	0.0100409049257287	0.200221629653349	0.779815966228219	8.75046728867694	0.0142360456079886	20187	42586000	40
20221119 123319	2692	669817	gbdt	binary	custom	TRUE	TRUE	FALSE	TRUE	-100	-1	0	0.001	0	0	31	444	1	1	1	0.1	50	0.5	FALSE	763369	0.010273214124351	0.210762709942259	0.653972046565459	8.02631452380166	0.0163035076215834	18837	43926000	41
20221119 130512	2692	669817	gbdt	binary	custom	TRUE	TRUE	FALSE	TRUE	-100	-1	0	0.001	0	0	31	1004	1	1	1	0.1	50	0.5	FALSE	763369	0.0102184315981554	0.387981191561631	0.819233240195808	6.8791516140171	0.0184754911404993	18018	43964000	42
20221119 132400	2692	669817	gbdt	binary	custom	TRUE	TRUE	FALSE	TRUE	-100	-1	0	0.001	0	0	31	1284	1	1	1	0.1	50	0.5	FALSE	763369	0.010494097267687	0.775135201907554	0.523762845446742	6.07665925715175	0.0204203829406591	17690	43660000	43
20221119 142119	2692	669817	gbdt	binary	custom	TRUE	TRUE	FALSE	TRUE	-100	-1	0	0.001	0	0	31	1974	1	1	1	0.1	50	0.5	FALSE	763369	0.0100229952396844	0.303787525973505	0.859666815954937	10.0056465691217	0.000302943906931842	17451	43898000	44
20221119 144300	2692	669817	gbdt	binary	custom	TRUE	TRUE	FALSE	TRUE	-100	-1	0	0.001	0	0	31	1477	1	1	1	0.1	50	0.5	FALSE	763369	0.0536899762590624	0.207136737128822	0.0514056038093519	6.12431946230541	0.0176874801347335	18867	41946000	45
20221119 151845	2692	669817	gbdt	binary	custom	TRUE	TRUE	FALSE	TRUE	-100	-1	0	0.001	0	0	31	2288	1	1	1	0.1	50	0.5	FALSE	763369	0.0100249368175918	0.200019219453043	0.351631510791133	5.23695668696825	0.0183254876243146	18391	43218000	46
20221119 152534	2692	669817	gbdt	binary	custom	TRUE	TRUE	FALSE	TRUE	-100	-1	0	0.001	0	0	31	209	1	1	1	0.1	50	0.5	FALSE	763369	0.0618288315331814	0.200311478188269	0.696756836562828	6.80189638691183	0.0153204798587932	19325	42310000	47
20221119 153403	2692	669817	gbdt	binary	custom	TRUE	TRUE	FALSE	TRUE	-100	-1	0	0.001	0	0	31	454	1	1	1	0.1	50	0.5	FALSE	763369	0.0205999357090021	0.686979625730672	0.303050487690784	7.23623490226313	0.0167554605075161	19651	42218000	48
20221119 160727	2692	669817	gbdt	binary	custom	TRUE	TRUE	FALSE	TRUE	-100	-1	0	0.001	0	0	31	4432	1	1	1	0.1	50	0.5	FALSE	763369	0.0187515056507973	0.573408128224328	0.843784759858945	2.31364910741338	0.0223361218970698	17285	42710000	49
20221119 162959	2692	669817	gbdt	binary	custom	TRUE	TRUE	FALSE	TRUE	-100	-1	0	0.001	0	0	31	1100	1	1	1	0.1	50	0.5	FALSE	763369	0.0708379660712162	0.372543315848929	0.999870935107341	2.22529881265163	0.0226453117573536	17044	42392000	50
20221119 170758	2692	669817	gbdt	binary	custom	TRUE	TRUE	FALSE	TRUE	-100	-1	0	0.001	0	0	31	1554	1	1	1	0.1	50	0.5	FALSE	763369	0.0142298096559477	0.390862183477916	0.722315201068468	5.17518298605749	0.022520911364501	16428	43784000	51
20221119 173658	2692	669817	gbdt	binary	custom	TRUE	TRUE	FALSE	TRUE	-100	-1	0	0.001	0	0	31	1660	1	1	1	0.1	50	0.5	FALSE	763369	0.0100035027106414	0.635992739030633	0.892532682840495	7.0305045298136	0.0174848303760241	17058	44924000	52
20221119 180736	2692	669817	gbdt	binary	custom	TRUE	TRUE	FALSE	TRUE	-100	-1	0	0.001	0	0	31	1073	1	1	1	0.1	50	0.5	FALSE	763369	0.012964984949921	0.363698706817135	0.91781755878303	6.88639578189065	0.0177661060871125	17731	44138000	53
20221119 181700	2692	669817	gbdt	binary	custom	TRUE	TRUE	FALSE	TRUE	-100	-1	0	0.001	0	0	31	159	1	1	1	0.1	50	0.5	FALSE	763369	0.077079213757169	0.531752972944098	0.896387522933478	6.53467325844434	0.0193360746089348	17733	44134000	54
20221119 183112	2692	669817	gbdt	binary	custom	TRUE	TRUE	FALSE	TRUE	-100	-1	0	0.001	0	0	31	507	1	1	1	0.1	50	0.5	FALSE	763369	0.0246642597563075	0.290839193312469	0.458699037603671	6.51270754779562	0.0196243201149701	17254	44452000	55
20221119 190232	2692	669817	gbdt	binary	custom	TRUE	TRUE	FALSE	TRUE	-100	-1	0	0.001	0	0	31	634	1	1	1	0.1	50	0.5	FALSE	763369	0.0100680871009665	0.741516793004459	0.897131967878511	9.6966242089418	0.012849352933848	16746	45388000	56
20221119 194903	2692	669817	gbdt	binary	custom	TRUE	TRUE	FALSE	TRUE	-100	-1	0	0.001	0	0	31	859	1	1	1	0.1	50	0.5	FALSE	763369	0.0137975734048263	0.796173669287894	0.903193979467372	11.157114616289	0.000348884877115972	19479	42482000	57
20221119 195426	2692	669817	gbdt	binary	custom	TRUE	TRUE	FALSE	TRUE	-100	-1	0	0.001	0	0	31	136	1	1	1	0.1	50	0.5	FALSE	763369	0.0754781512299927	0.799210795134013	0.974002518355719	6.95638003069938	0.0197325343132317	17458	42924000	58
20221119 202222	2692	669817	gbdt	binary	custom	TRUE	TRUE	FALSE	TRUE	-100	-1	0	0.001	0	0	31	1055	1	1	1	0.1	50	0.5	FALSE	763369	0.0100006269273522	0.783324619524307	0.887771676922833	8.56072262594392	0.0105646811900755	18444	43512000	59
