fecha	cols	rows	boosting	objective	metric	first_metric_only	boost_from_average	feature_pre_filter	force_row_wise	verbosity	max_depth	min_gain_to_split	min_sum_hessian_in_leaf	lambda_l1	lambda_l2	max_bin	num_iterations	bagging_fraction	pos_bagging_fraction	neg_bagging_fraction	drop_rate	max_drop	skip_drop	extra_trees	seed	learning_rate	feature_fraction	coverage	leaf_size_log	prob_corte	estimulos	ganancia	iteracion_bayesiana
20221115 160510	431	4061674	gbdt	binary	custom	TRUE	TRUE	FALSE	TRUE	-100	-1	0	0.001	0	0	31	2298	1	1	1	0.1	50	0.5	FALSE	763369	0.0846588935444015	0.519285577026312	0.459727763974661	1.27696094798739	0.0153214039504943	16937	38766000	1
20221115 162025	431	4061674	gbdt	binary	custom	TRUE	TRUE	FALSE	TRUE	-100	-1	0	0.001	0	0	31	919	1	1	1	0.1	50	0.5	FALSE	763369	0.190128858903045	0.638600891301758	0.608903314088093	3.17777487737476	0.0248616692901724	16543	45954000	2
20221115 172148	431	4061674	gbdt	binary	custom	TRUE	TRUE	FALSE	TRUE	-100	-1	0	0.001	0	0	31	1092	1	1	1	0.1	50	0.5	FALSE	763369	0.10627368055415	0.479272897704504	0.745044032113219	8.04882009445282	0.00550756854377083	16899	43722000	3
20221115 174812	431	4061674	gbdt	binary	custom	TRUE	TRUE	FALSE	TRUE	-100	-1	0	0.001	0	0	31	1778	1	1	1	0.1	50	0.5	FALSE	763369	0.134739573863044	0.605960396685987	0.0546545032506401	4.16918004119361	0.0176262016876112	19671	40978000	4
20221115 180300	431	4061674	gbdt	binary	custom	TRUE	TRUE	FALSE	TRUE	-100	-1	0	0.001	0	0	31	402	1	1	1	0.1	50	0.5	FALSE	763369	0.193714498736517	0.782143673984683	0.916587465773046	4.68213665281655	0.0250103136304452	15986	47148000	5
20221115 183959	431	4061674	gbdt	binary	custom	TRUE	TRUE	FALSE	TRUE	-100	-1	0	0.001	0	0	31	715	1	1	1	0.1	50	0.5	FALSE	763369	0.0351989501234493	0.300381357170409	0.802399102028721	6.75983800855465	0.019090411512774	18292	44936000	6
20221115 191859	431	4061674	gbdt	binary	custom	TRUE	TRUE	FALSE	TRUE	-100	-1	0	0.001	0	0	31	698	1	1	1	0.1	50	0.5	FALSE	763369	0.143157874946919	0.378167365517584	0.479780906137603	8.6850191049889	0.00554672068462444	17434	43052000	7
20221115 193905	431	4061674	gbdt	binary	custom	TRUE	TRUE	FALSE	TRUE	-100	-1	0	0.001	0	0	31	268	1	1	1	0.1	50	0.5	FALSE	763369	0.163124827610009	0.571741168215522	0.66304263832717	5.37152649970085	0.0239736163063637	16834	46652000	8
20221115 203145	431	4061674	gbdt	binary	custom	TRUE	TRUE	FALSE	TRUE	-100	-1	0	0.001	0	0	31	1124	1	1	1	0.1	50	0.5	FALSE	763369	0.0737849177797034	0.407542682514759	0.202024649456143	10.1742170279031	0.00602068718499745	16121	44878000	9
20221115 205112	431	4061674	gbdt	binary	custom	TRUE	TRUE	FALSE	TRUE	-100	-1	0	0.001	0	0	31	296	1	1	1	0.1	50	0.5	FALSE	763369	0.275936435618642	0.32507659989642	0.310098087524239	9.69899805307796	0.00400154346364127	18337	39406000	10
20221115 225557	431	4061674	gbdt	binary	custom	TRUE	TRUE	FALSE	TRUE	-100	-1	0	0.001	0	0	31	4484	1	1	1	0.1	50	0.5	FALSE	763369	0.0259352635433606	0.45434804278193	0.257277288306068	2.97749139880762	0.0190037857150423	18020	40840000	11
20221115 230430	431	4061674	gbdt	binary	custom	TRUE	TRUE	FALSE	TRUE	-100	-1	0	0.001	0	0	31	413	1	1	1	0.1	50	0.5	FALSE	763369	0.23437655356247	0.673725320847007	0.162727250987518	6.07994585232518	0.0193025009136912	19042	43596000	12
20221115 232158	431	4061674	gbdt	binary	custom	TRUE	TRUE	FALSE	TRUE	-100	-1	0	0.001	0	0	31	284	1	1	1	0.1	50	0.5	FALSE	763369	0.216160362469382	0.208439440571237	0.875687895601732	11.9134996946086	3.6856917190394e-06	16570	40940000	13
20221115 234442	431	4061674	gbdt	binary	custom	TRUE	TRUE	FALSE	TRUE	-100	-1	0	0.001	0	0	31	550	1	1	1	0.1	50	0.5	FALSE	763369	0.282081218333624	0.718437045061728	0.997554676223808	7.84510371848592	0.00292793508990914	17632	40496000	14
20221116 003236	431	4061674	gbdt	binary	custom	TRUE	TRUE	FALSE	TRUE	-100	-1	0	0.001	0	0	31	2077	1	1	1	0.1	50	0.5	FALSE	763369	0.246216659179772	0.27126454510435	0.536737184084632	2.08683932665735	0.0180009846388685	17953	40574000	15
20221116 010439	431	4061674	gbdt	binary	custom	TRUE	TRUE	FALSE	TRUE	-100	-1	0	0.001	0	0	31	707	1	1	1	0.1	50	0.5	FALSE	763369	0.0590421619944391	0.739442574980785	0.353967589428794	10.8444046536461	0.00260150511892996	17253	43654000	16
20221116 011709	431	4061674	gbdt	binary	custom	TRUE	TRUE	FALSE	TRUE	-100	-1	0	0.001	0	0	31	352	1	1	1	0.1	50	0.5	FALSE	763369	0.181662590632583	0.676892990760849	0.896686286894162	5.52275470367644	0.0190014731223031	18890	43980000	17
20221116 013327	431	4061674	gbdt	binary	custom	TRUE	TRUE	FALSE	TRUE	-100	-1	0	0.001	0	0	31	312	1	1	1	0.1	50	0.5	FALSE	763369	0.193627184588269	0.746956445484673	0.627812915074676	8.6039986359837	0.00977714409906729	16331	44058000	18
20221116 014312	431	4061674	gbdt	binary	custom	TRUE	TRUE	FALSE	TRUE	-100	-1	0	0.001	0	0	31	330	1	1	1	0.1	50	0.5	FALSE	763369	0.185329996414484	0.699300823367578	0.711104134283217	4.43244789607471	0.021264081983412	17988	44664000	19
20221116 015203	431	4061674	gbdt	binary	custom	TRUE	TRUE	FALSE	TRUE	-100	-1	0	0.001	0	0	31	309	1	1	1	0.1	50	0.5	FALSE	763369	0.197156738188435	0.786677141106597	0.862431305410733	3.83715347303066	0.0232907963428716	16948	45704000	20
20221116 020847	431	4061674	gbdt	binary	custom	TRUE	TRUE	FALSE	TRUE	-100	-1	0	0.001	0	0	31	368	1	1	1	0.1	50	0.5	FALSE	763369	0.193016675902268	0.336145981287666	0.971413142868876	4.83767377460365	0.0197305947058507	18811	43898000	21
20221116 021512	431	4061674	gbdt	binary	custom	TRUE	TRUE	FALSE	TRUE	-100	-1	0	0.001	0	0	31	254	1	1	1	0.1	50	0.5	FALSE	763369	0.192552552233982	0.790878245615077	0.327273266549992	4.51176698387073	0.0212340565832394	17905	44350000	22
20221116 022414	431	4061674	gbdt	binary	custom	TRUE	TRUE	FALSE	TRUE	-100	-1	0	0.001	0	0	31	370	1	1	1	0.1	50	0.5	FALSE	763369	0.191826524962274	0.773326513499997	0.995992521190516	3.31295883433493	0.0211675706049507	18457	44526000	23
20221116 023137	431	4061674	gbdt	binary	custom	TRUE	TRUE	FALSE	TRUE	-100	-1	0	0.001	0	0	31	140	1	1	1	0.1	50	0.5	FALSE	763369	0.194360886244708	0.771914397382084	0.834246192851748	5.272362108628	0.0212569837555592	17388	45704000	24
20221116 024158	431	4061674	gbdt	binary	custom	TRUE	TRUE	FALSE	TRUE	-100	-1	0	0.001	0	0	31	332	1	1	1	0.1	50	0.5	FALSE	763369	0.19731448618422	0.751520063480274	0.998712564316497	4.66914391006589	0.020473118762852	18575	45010000	25
20221116 025233	431	4061674	gbdt	binary	custom	TRUE	TRUE	FALSE	TRUE	-100	-1	0	0.001	0	0	31	344	1	1	1	0.1	50	0.5	FALSE	763369	0.165009101324806	0.731701320088762	0.873731290782508	4.63623377829455	0.025093474692528	15979	46762000	26
20221116 030129	431	4061674	gbdt	binary	custom	TRUE	TRUE	FALSE	TRUE	-100	-1	0	0.001	0	0	31	261	1	1	1	0.1	50	0.5	FALSE	763369	0.186850313155083	0.764862374203907	0.591525398898298	5.22785573835383	0.0204137958305554	18450	44860000	27
20221116 032517	431	4061674	gbdt	binary	custom	TRUE	TRUE	FALSE	TRUE	-100	-1	0	0.001	0	0	31	508	1	1	1	0.1	50	0.5	FALSE	763369	0.0845585980537387	0.476715667396092	0.68152637039544	5.42546668560103	0.0222441993738844	17641	45118000	28
20221116 033817	431	4061674	gbdt	binary	custom	TRUE	TRUE	FALSE	TRUE	-100	-1	0	0.001	0	0	31	185	1	1	1	0.1	50	0.5	FALSE	763369	0.176081835526462	0.461813065211124	0.666655621445357	5.94528325806856	0.0228947015739851	16990	46260000	29
20221116 035022	431	4061674	gbdt	binary	custom	TRUE	TRUE	FALSE	TRUE	-100	-1	0	0.001	0	0	31	443	1	1	1	0.1	50	0.5	FALSE	763369	0.225202493974522	0.799708340940776	0.894397744394527	4.57727255727389	0.0198269994901106	18617	43726000	30
20221116 041821	431	4061674	gbdt	binary	custom	TRUE	TRUE	FALSE	TRUE	-100	-1	0	0.001	0	0	31	803	1	1	1	0.1	50	0.5	FALSE	763369	0.217928806880815	0.451580929214321	0.624588062184979	3.66292833534977	0.0217820336283616	17870	44820000	31
20221116 051049	431	4061674	gbdt	binary	custom	TRUE	TRUE	FALSE	TRUE	-100	-1	0	0.001	0	0	31	2031	1	1	1	0.1	50	0.5	FALSE	763369	0.272795046745653	0.410105359146697	0.706135255456611	1.16353347139433	0.0127806668082861	19634	36652000	32
20221116 052200	431	4061674	gbdt	binary	custom	TRUE	TRUE	FALSE	TRUE	-100	-1	0	0.001	0	0	31	133	1	1	1	0.1	50	0.5	FALSE	763369	0.142393103713305	0.417715013263709	0.647515014079593	5.83369016118674	0.0239301948544752	16184	46592000	33
20221116 052937	431	4061674	gbdt	binary	custom	TRUE	TRUE	FALSE	TRUE	-100	-1	0	0.001	0	0	31	122	1	1	1	0.1	50	0.5	FALSE	763369	0.160777404203248	0.201338293379525	0.640890525947313	5.42164304177748	0.0190903751041458	18464	44672000	34
20221116 054351	431	4061674	gbdt	binary	custom	TRUE	TRUE	FALSE	TRUE	-100	-1	0	0.001	0	0	31	561	1	1	1	0.1	50	0.5	FALSE	763369	0.183021788376943	0.799443758888558	0.907720884552269	4.56567705830418	0.022452563880112	17400	46640000	35
20221116 055409	431	4061674	gbdt	binary	custom	TRUE	TRUE	FALSE	TRUE	-100	-1	0	0.001	0	0	31	232	1	1	1	0.1	50	0.5	FALSE	763369	0.153031870566766	0.619123512359471	0.659827644736952	6.14744367496189	0.0207555436237791	17998	45044000	36
20221116 061434	431	4061674	gbdt	binary	custom	TRUE	TRUE	FALSE	TRUE	-100	-1	0	0.001	0	0	31	459	1	1	1	0.1	50	0.5	FALSE	763369	0.163342827907964	0.473311180386824	0.622840461094359	4.81159569553952	0.0253499732495751	16151	46018000	37
20221116 063751	431	4061674	gbdt	binary	custom	TRUE	TRUE	FALSE	TRUE	-100	-1	0	0.001	0	0	31	417	1	1	1	0.1	50	0.5	FALSE	763369	0.141492778011899	0.482166653325251	0.73531082090771	5.20549824152514	0.0196147168698831	18751	45218000	38
20221116 065047	431	4061674	gbdt	binary	custom	TRUE	TRUE	FALSE	TRUE	-100	-1	0	0.001	0	0	31	183	1	1	1	0.1	50	0.5	FALSE	763369	0.16259454023145	0.469538722371824	0.587245445998923	5.66281646102402	0.0229782952692936	16877	46086000	39
20221116 070104	431	4061674	gbdt	binary	custom	TRUE	TRUE	FALSE	TRUE	-100	-1	0	0.001	0	0	31	106	1	1	1	0.1	50	0.5	FALSE	763369	0.195734285846313	0.477476082346356	0.647470920465497	5.32281701594834	0.0204880174900278	18228	43784000	40
20221116 075512	431	4061674	gbdt	binary	custom	TRUE	TRUE	FALSE	TRUE	-100	-1	0	0.001	0	0	31	1597	1	1	1	0.1	50	0.5	FALSE	763369	0.11655053645685	0.421116987158452	0.646439231148268	5.81360226378048	0.0238286126903686	15711	46098000	41
20221116 080614	431	4061674	gbdt	binary	custom	TRUE	TRUE	FALSE	TRUE	-100	-1	0	0.001	0	0	31	360	1	1	1	0.1	50	0.5	FALSE	763369	0.188640133517916	0.797066734782779	0.871102987619812	4.80061866808003	0.021223508795537	17996	45448000	42
20221116 081939	431	4061674	gbdt	binary	custom	TRUE	TRUE	FALSE	TRUE	-100	-1	0	0.001	0	0	31	411	1	1	1	0.1	50	0.5	FALSE	763369	0.13605428939346	0.229892607176863	0.290350013201893	5.28775312666898	0.0218987353141665	17765	44630000	43
20221116 083209	431	4061674	gbdt	binary	custom	TRUE	TRUE	FALSE	TRUE	-100	-1	0	0.001	0	0	31	169	1	1	1	0.1	50	0.5	FALSE	763369	0.173637857063529	0.355816939936997	0.898881698089745	7.90266585776978	0.016875104470206	18956	43048000	44
20221116 084240	431	4061674	gbdt	binary	custom	TRUE	TRUE	FALSE	TRUE	-100	-1	0	0.001	0	0	31	916	1	1	1	0.1	50	0.5	FALSE	763369	0.261133781581568	0.615942653173162	0.309976692602131	2.9163083223498	0.0211698120787352	17174	42052000	45
20221116 085757	431	4061674	gbdt	binary	custom	TRUE	TRUE	FALSE	TRUE	-100	-1	0	0.001	0	0	31	263	1	1	1	0.1	50	0.5	FALSE	763369	0.215542903716411	0.55403579469258	0.158041142349446	8.47858347508078	0.0204713278013221	17256	43728000	46
20221116 095302	431	4061674	gbdt	binary	custom	TRUE	TRUE	FALSE	TRUE	-100	-1	0	0.001	0	0	31	1967	1	1	1	0.1	50	0.5	FALSE	763369	0.105915957483926	0.487857086673798	0.139134090770537	3.59431734564924	0.0169231942097732	20224	39712000	47
20221116 104228	431	4061674	gbdt	binary	custom	TRUE	TRUE	FALSE	TRUE	-100	-1	0	0.001	0	0	31	705	1	1	1	0.1	50	0.5	FALSE	763369	0.0344634015917708	0.684404517298006	0.896887398874492	11.6702943151088	0.000758950639875239	16354	44492000	48
20221116 105535	431	4061674	gbdt	binary	custom	TRUE	TRUE	FALSE	TRUE	-100	-1	0	0.001	0	0	31	882	1	1	1	0.1	50	0.5	FALSE	763369	0.228382311844563	0.619336532340804	0.472312023286207	2.9876446803913	0.0207812080422728	18608	43104000	49
20221116 120050	431	4061674	gbdt	binary	custom	TRUE	TRUE	FALSE	TRUE	-100	-1	0	0.001	0	0	31	1050	1	1	1	0.1	50	0.5	FALSE	763369	0.0422508539879485	0.552761185708223	0.772093228624121	11.2024258921181	0.00029192937660637	14039	46082000	50
20221116 122212	431	4061674	gbdt	binary	custom	TRUE	TRUE	FALSE	TRUE	-100	-1	0	0.001	0	0	31	717	1	1	1	0.1	50	0.5	FALSE	763369	0.0616764186151093	0.268171697328705	0.830705724388419	2.88450874061719	0.0223519555683518	17195	43530000	51
20221116 123848	431	4061674	gbdt	binary	custom	TRUE	TRUE	FALSE	TRUE	-100	-1	0	0.001	0	0	31	642	1	1	1	0.1	50	0.5	FALSE	763369	0.207000264089652	0.20923147052275	0.118427144088876	5.43649023787957	0.0217228813822924	17562	43996000	52
20221116 142255	431	4061674	gbdt	binary	custom	TRUE	TRUE	FALSE	TRUE	-100	-1	0	0.001	0	0	31	2095	1	1	1	0.1	50	0.5	FALSE	763369	0.0168689462624234	0.593185147103109	0.47625914849753	10.9671144015668	0.001693741778637	18061	44678000	53
20221116 143727	431	4061674	gbdt	binary	custom	TRUE	TRUE	FALSE	TRUE	-100	-1	0	0.001	0	0	31	523	1	1	1	0.1	50	0.5	FALSE	763369	0.227950524461004	0.66952611456993	0.184697377993586	9.6610572688987	0.00584008643864796	16765	41830000	54
20221116 150544	431	4061674	gbdt	binary	custom	TRUE	TRUE	FALSE	TRUE	-100	-1	0	0.001	0	0	31	820	1	1	1	0.1	50	0.5	FALSE	763369	0.230355004186935	0.475450490501244	0.897944732050528	2.53107959274715	0.0260364442303731	15781	44518000	55
20221116 160510	431	4061674	gbdt	binary	custom	TRUE	TRUE	FALSE	TRUE	-100	-1	0	0.001	0	0	31	1666	1	1	1	0.1	50	0.5	FALSE	763369	0.0630405953907827	0.289598928639619	0.882895462686836	9.14955881430674	0.00104042145484868	16288	45184000	56
20221116 163916	431	4061674	gbdt	binary	custom	TRUE	TRUE	FALSE	TRUE	-100	-1	0	0.001	0	0	31	1471	1	1	1	0.1	50	0.5	FALSE	763369	0.229330373214681	0.273394122695643	0.297163333368569	2.08641963961651	0.0163737859149529	19372	39256000	57
20221116 170327	431	4061674	gbdt	binary	custom	TRUE	TRUE	FALSE	TRUE	-100	-1	0	0.001	0	0	31	710	1	1	1	0.1	50	0.5	FALSE	763369	0.294738513568274	0.560448597197002	0.357605867454642	1.26178163259081	0.0167917999832626	16007	38786000	58
20221116 171345	431	4061674	gbdt	binary	custom	TRUE	TRUE	FALSE	TRUE	-100	-1	0	0.001	0	0	31	350	1	1	1	0.1	50	0.5	FALSE	763369	0.17183497897113	0.765031299583961	0.919594577253583	4.40033196867742	0.0178372556885546	20232	43536000	59
20221116 173253	431	4061674	gbdt	binary	custom	TRUE	TRUE	FALSE	TRUE	-100	-1	0	0.001	0	0	31	2120	1	1	1	0.1	50	0.5	FALSE	763369	0.21289569675443	0.667593334260024	0.67859338731725	1.80844629248162	0.0186114406604466	15966	42228000	60
20221116 190649	431	4061674	gbdt	binary	custom	TRUE	TRUE	FALSE	TRUE	-100	-1	0	0.001	0	0	31	4008	1	1	1	0.1	50	0.5	FALSE	763369	0.0319412438386143	0.335785240288079	0.321236841940368	2.06732321555587	0.0154876839002891	19444	39272000	61
20221116 192003	431	4061674	gbdt	binary	custom	TRUE	TRUE	FALSE	TRUE	-100	-1	0	0.001	0	0	31	1368	1	1	1	0.1	50	0.5	FALSE	763369	0.127721159090286	0.751063331983099	0.239592951512022	2.42877268848964	0.0199068291743102	17555	41130000	62
20221116 195452	431	4061674	gbdt	binary	custom	TRUE	TRUE	FALSE	TRUE	-100	-1	0	0.001	0	0	31	1165	1	1	1	0.1	50	0.5	FALSE	763369	0.281597839924337	0.495559551793849	0.453305765777896	1.9516651490212	0.0148899957576053	19455	39010000	63
20221116 200333	431	4061674	gbdt	binary	custom	TRUE	TRUE	FALSE	TRUE	-100	-1	0	0.001	0	0	31	192	1	1	1	0.1	50	0.5	FALSE	763369	0.258110133170781	0.622079651695956	0.701117130807543	5.33923603940848	0.024618470673485	16017	46606000	64
20221116 201414	431	4061674	gbdt	binary	custom	TRUE	TRUE	FALSE	TRUE	-100	-1	0	0.001	0	0	31	157	1	1	1	0.1	50	0.5	FALSE	763369	0.0913496542124217	0.247369523397554	0.527051433031843	7.59804250238161	0.0196349434021662	17825	45230000	65
20221116 202524	431	4061674	gbdt	binary	custom	TRUE	TRUE	FALSE	TRUE	-100	-1	0	0.001	0	0	31	132	1	1	1	0.1	50	0.5	FALSE	763369	0.250252089265969	0.591598410642706	0.677594255382835	6.58154360853578	0.0214300358586176	16798	45284000	66
