Feature	Gain	Cover	Frequency
pesos_fe_suma_menos_tarjetas	0.160734508263342	0.0249560598635445	0.0379159997792373
r_mcuenta_corriente	0.074661318535658	0.0239522896843818	0.0273193884872234
r_mtarjeta_visa_consumo	0.0665451125535073	0.0138630799837956	0.0183233070257741
ctrx_quarter	0.0378662495922218	0.0267212114391742	0.0424968265356808
r_mpasivos_margen	0.026049278486569	0.0243316245006091	0.0339422705447321
Master_fechaalta	0.0252275107787053	0.0229904289401203	0.0302996854131023
cliente_edad	0.0249331563969161	0.0233488265970813	0.0328936475522932
numero_de_cliente	0.0245356222530815	0.0266148595662478	0.0341078425961698
cpayroll_trx	0.0238881731390453	0.00828880129097759	0.00292510624206634
cliente_antiguedad	0.0229592622451944	0.0245416555006369	0.0309067829350406
Master_Fvencimiento	0.0227140051891885	0.0231563693885809	0.0315690711407914
Visa_Fvencimiento	0.0206973107852893	0.0216415897167536	0.0314586897731663
Visa_fechaalta	0.0203219971034529	0.0258952705501203	0.0303548760969148
Master_mlimitecompra	0.0198185586817306	0.0189955908590033	0.0286439648987251
Visa_mpagominimo	0.0196785978521207	0.0179125903488561	0.0253325238699708
mpayroll	0.0189234291761865	0.0165963118027309	0.00971356035101275
r_chomebanking_transacciones	0.0188969067867666	0.0191877983511055	0.0267122909652851
mcomisiones_mantenimiento	0.0181903381120711	0.0204637750116432	0.0134665268502677
Visa_mpagospesos	0.0169365272765044	0.01817600213083	0.0245598542965947
visa_fe_suma_all	0.0156286464870774	0.0168686275350302	0.0235664219879684
r_mcaja_ahorro_dolares	0.0142347867189139	0.0253327063266719	0.0195375020696506
r_Visa_mconsumospesos	0.0129454282065543	0.0119684231429386	0.0200342182239638
Visa_mfinanciacion_limite	0.0126984101953563	0.0135026650865549	0.0187648324962746
mtransferencias_recibidas	0.0116000286400083	0.0117582243647057	0.0198134554887135
Visa_cconsumos	0.011327003393416	0.0119671745609473	0.0198134554887135
cociente_fe_01	0.0107632338577829	0.00973427295683233	0.0158397262542083
ctarjeta_visa_transacciones	0.0106632491674893	0.0136147058111792	0.0192063579667752
mttarjeta_visa_debitos_automaticos	0.010167100071452	0.0118176061438475	0.0158949169380209
mtransferencias_emitidas	0.00926549885267018	0.0138489202836507	0.0163364424085214
cproductos	0.00887676090924707	0.0154537812443304	0.0137976709531431
mprestamos_personales	0.00852468746295167	0.0163299385403463	0.00678845410894641
r_mcuenta_debitos_automaticos	0.00847230704145501	0.0145678186778642	0.0114244715492025
mautoservicio	0.00818205133846052	0.0149683637806685	0.0177162095038358
ctarjeta_debito_transacciones	0.00786349646060461	0.0135256272897384	0.0194823113858381
cdescubierto_preacordado	0.00784816388600393	0.00489018842343027	0.00198686461725261
Visa_mlimitecompra	0.00776130471741952	0.00945395069251391	0.0121419504387659
ctransferencias_recibidas	0.00725345755922971	0.0104591723482415	0.0105414206082013
Visa_status	0.00645206640254432	0.00726190503224506	0.00193167393344004
ccaja_seguridad	0.00595314800869246	0.0125457401429778	0.0016005298305646
Visa_mconsumosdolares	0.00518020466496964	0.00995130772146748	0.008002649152823
thomebanking	0.00503421637806386	0.00228250542553746	0.00336663171256692
cmobile_app_trx	0.00502315262334851	0.00297784854012165	0.00485678017550637
ctarjeta_visa_debitos_automaticos	0.00490204780488805	0.0092234195369167	0.0064021193222584
r_Visa_mconsumototal	0.00481054752328586	0.00386624974328959	0.00905127214526188
Master_mpagospesos	0.0046850090053914	0.0167130854334658	0.00717478889563442
ccallcenter_transacciones	0.00463004373163656	0.0126313148312055	0.00364258513162978
matm	0.00459708475291653	0.00641966234456744	0.00645731000607098
mpagomiscuentas	0.00431519097252303	0.00918422576784651	0.00888570009382416
ctarjeta_debito	0.00431313800815034	0.00497699218455565	0.00585021248413268
ctransferencias_emitidas	0.00430192896599934	0.00723174397351808	0.00728517026325956
internet	0.0042405672824626	0.00711306625524642	0.00226281803631547
cprestamos_personales	0.00410361267380681	0.0138960308429094	0.00430487333738065
Master_msaldototal	0.0040860462272678	0.0088730050010625	0.00618135658700811
Master_mconsumospesos	0.0040452105533673	0.00698941761992195	0.00491197085931895
ccomisiones_mantenimiento	0.0040418485382152	0.00898475699110126	0.00662288205750869
cpagomiscuentas	0.00360927582267972	0.00751614754022051	0.00651250068988355
ccajas_consultas	0.00348543012765454	0.006648316725359	0.00165572051437717
cextraccion_autoservicio	0.00345260005865218	0.00871411513903401	0.00794745846901043
pesos_fe_suma_all	0.00335779958777982	0.00529172068637143	0.0041944919697555
master_fe_suma_all	0.00321820468456162	0.00895764325279675	0.00463601744025609
mextraccion_autoservicio	0.00318363262998401	0.00875402294093047	0.00932722556432474
Master_msaldopesos	0.00317489080480046	0.00424729745793623	0.0041944919697555
mtarjeta_master_consumo	0.00308273685718398	0.00851062358718558	0.00408411060213036
Master_status	0.00281669791324122	0.00599139091791917	0.00137976709531431
Master_mpagominimo	0.00252113238070926	0.00731211753738834	0.00441525470500579
Master_mconsumototal	0.00230018570040363	0.0029696313098915	0.00215243666869033
catm_trx	0.00203659819671025	0.00527552423685323	0.00397372923450522
cociente_fe_02	0.00192365816659872	0.00200387655054472	0.00424968265356808
tarjetas_fe_suma_all	0.00182396961052671	0.00881586676768631	0.00424968265356808
Master_cconsumos	0.00171369808217879	0.0025653833811193	0.0025939621391909
ccaja_ahorro	0.00164760268148229	0.00509530703368609	0.00209724598487775
Visa_msaldodolares	0.00161182899603276	0.0060587167999805	0.00270434350681605
matm_other	0.00156127327017758	0.004738037002336	0.00386334786688007
ctarjeta_visa	0.00149357990536226	0.00102311149457145	0.000772669573376014
tcallcenter	0.00145013147454851	0.00262668095325396	0.00198686461725261
tmobile_app	0.00141993306586254	0.00516135702102508	0.000883050941001159
mttarjeta_master_debitos_automaticos	0.00111746585484997	0.00295155418374893	0.00165572051437717
ctarjeta_master_transacciones	0.0010833465312949	0.00441308183364785	0.00209724598487775
mplazo_fijo_dolares	0.0010810489720883	0.00756046829909242	0.00215243666869033
catm_trx_other	0.000992509919322216	0.00378074918961761	0.00270434350681605
ccajas_transacciones	0.000976775232720978	0.0025203095712339	0.000938241624813731
Master_mconsumosdolares	0.000804922600672803	0.00104856695991878	0.000938241624813731
active_quarter	0.000791996999103005	0.000544147639076992	0.000938241624813731
cseguro_vida	0.000778573033445472	0.00282746074109007	0.000717478889563442
mcaja_ahorro_adicional	0.000733147397375555	0.00777663295815239	0.00115900436006402
mtarjeta_visa_descuentos	0.000666062132839506	0.00508389811574073	0.00104862299243888
ctarjeta_master	0.000664659027283014	0.000375358862948844	0.000772669573376014
cseguro_accidentes_personales	0.000655816254684434	0.00146189832267758	0.00104862299243888
cseguro_vivienda	0.000607910688957774	0.00117307789718097	0.000827860257188587
Master_madelantopesos	0.000601737315816176	6.67835292588685e-05	0.000165572051437717
r_Visa_mpagosdolares	0.000575104064127368	0.000905662849197461	0.00143495777912688
ccheques_depositados	0.000497966069248335	0.00182220787081272	0.000331144102875435
Master_mpagado	0.000430619311728521	0.00255163337194027	0.000607097521938297
ccajas_depositos	0.000400187437777394	0.00337666123541304	0.000772669573376014
Visa_madelantopesos	0.000363650617760372	0.0008582128317099	0.000496716154313152
tcuentas	0.00025819259995718	0.00382920587633565	0.000551906838125724
cplazo_fijo	0.000247156323352615	0.000584550971951238	0.000331144102875435
ccajas_extracciones	0.00022576183544663	0.00352708024899441	0.00044152547050058
ccajeros_propios_descuentos	0.000197913632228654	0.000666594514234845	0.000275953419062862
mforex_sell	0.000197781736240801	0.00180271438447378	0.000165572051437717
Visa_delinquency	0.000197318934725377	0.00412627084479346	0.000772669573376014
r_ccajas_otras	0.000196548446911441	0.00266680725699889	0.000386334786688007
ctarjeta_master_debitos_automaticos	0.000190513888869733	0.00103196081943468	0.000331144102875435
Master_delinquency	0.000180152347071927	0.0041872055477869	0.000607097521938297
minversion2	0.00015858833755879	0.00176458971373363	0.00022076273525029
mcajeros_propios_descuentos	0.000141384246158668	0.00114543351153017	0.00044152547050058
ccheques_emitidos	0.000128536181673663	0.00172230960605373	0.000165572051437717
cinversion1	0.000110136635997428	0.00421306290046268	0.000386334786688007
cseguro_auto	0.00010970566187904	0.00186570534593412	0.000275953419062862
Master_msaldodolares	8.87505890487931e-05	0.00105270678958363	0.000165572051437717
mcheques_depositados	7.95350579522802e-05	0.00146590939232459	0.000275953419062862
ctarjeta_visa_descuentos	7.4439539435438e-05	0.000143481579892286	0.000165572051437717
mcheques_emitidos	6.63431409798382e-05	0.000191630022931223	5.51906838125724e-05
mtarjeta_master_descuentos	3.60048462376936e-05	0.00125625296689418	0.000165572051437717
minversion1_pesos	2.24193884552708e-05	0.000112977161117699	0.000165572051437717
Master_mpagosdolares	1.59073905690776e-05	0.00022128774704297	0.000275953419062862
Visa_cadelantosefectivo	7.02086956106793e-09	6.1816514024787e-05	0.000165572051437717
r_Visa_madelantodolares	4.4879619893096e-10	0.000141928656040625	5.51906838125724e-05
Master_cadelantosefectivo	1.83583450609179e-13	2.46829052402198e-05	5.51906838125724e-05
