Feature	Gain	Cover	Frequency
pesos_fe_suma_menos_tarjetas	0.304150822906449	0.0411398247314678	0.0331652383751508
ctrx_quarter	0.0893749302972971	0.0179115661375935	0.0148501067351422
cpayroll_trx	0.0521663489104223	0.0295930393305701	0.0099619466014912
mpayroll	0.0427282877699109	0.045170572522947	0.0222751601027132
mcaja_ahorro	0.0411804726413813	0.0159360270220893	0.0215017170435913
mpasivos_margen	0.0342481733224891	0.0106488705502544	0.0155307366271695
mtarjeta_visa_consumo	0.032934143761959	0.0208502539640442	0.0206663985397395
mcuentas_saldo	0.0292875555778116	0.0282731406646393	0.0326702348173128
mrentabilidad_annual	0.028024126611854	0.0326656909061614	0.0383318380100857
mprestamos_personales	0.0245627136398424	0.0355834898680423	0.0155307366271695
mcomisiones_mantenimiento	0.0206528381381554	0.0215081252486174	0.016180428796832
ctarjeta_visa_transacciones	0.0177836820920868	0.0157341605391943	0.0181295053058194
mrentabilidad	0.0136562243168983	0.0168956812097889	0.0226773504934567
cdescubierto_preacordado	0.0133175241665932	0.026236702162099	0.00934319215419361
Visa_mpagominimo	0.0128866144159658	0.0215241211785267	0.0254926832286607
cociente_fe_01	0.0118615708207309	0.0217805528017108	0.022862976827646
mactivos_margen	0.0114813569421305	0.0210428222905331	0.0235126689973084
Visa_msaldopesos	0.011154579260911	0.0116552887295341	0.0188101351978467
mcuenta_corriente	0.00857141255778455	0.017476801684947	0.0183770070847384
ccajas_consultas	0.00854136211244287	0.0307696309323511	0.00804380781486867
Visa_msaldototal	0.00832127776209495	0.0105141835108188	0.0134579092287226
cprestamos_personales	0.00824185893244376	0.0183965198618755	0.00801287009250379
Master_status	0.00753680698911006	0.00533912725036807	0.00439315657581289
Visa_fechaalta	0.00729220222201489	0.0187268452601767	0.0202023327042663
cproductos	0.00695578101363269	0.00870709351181563	0.0126225907248708
ctarjeta_master	0.00676361818246159	0.00492511769176845	0.0034650249048665
cociente_fe_03	0.00651051960428451	0.0128732486224521	0.0183460693623735
Master_fechaalta	0.00634212885608878	0.0230521716522795	0.023883921665687
ctarjeta_visa	0.00576501846224797	0.0115433766789968	0.0049809733007456
cliente_edad	0.0056321869426052	0.0132716829787959	0.023110478606565
ccaja_seguridad	0.00536215634158087	0.0185281797696076	0.00476440924419144
ccomisiones_otras	0.00510826084551526	0.0138253394967531	0.0160566779073725
mautoservicio	0.00507739705747215	0.0168049635970365	0.0207592117068341
cociente_fe_02	0.0044233070494661	0.00591892457845138	0.0111066423289917
chomebanking_transacciones	0.00383186507678326	0.00694909166717249	0.0142004145654797
mcomisiones_otras	0.00368695962608685	0.00670578689730548	0.0100547597685858
mcuenta_debitos_automaticos	0.00366301696777215	0.0138242767642903	0.0103022615475049
ctarjeta_debito_transacciones	0.00362722253522879	0.0103419561245137	0.0136744732852767
Master_Fvencimiento	0.00358216525103241	0.00928014640250577	0.0151904216811558
Visa_Fvencimiento	0.00348122020068771	0.00632890373171226	0.0131485320050738
thomebanking	0.00346656833381324	0.00578348188505494	0.00686817436500325
Visa_status	0.00336857417201779	0.010750200434767	0.00488816013365096
ccomisiones_mantenimiento	0.0032521308134376	0.00501057507988728	0.00327939857067723
Visa_mconsumospesos	0.00313513822036196	0.00907042081736104	0.0168301209664944
ccallcenter_transacciones	0.00303693452232913	0.0138322924163646	0.00479534696655632
cmobile_app_trx	0.00279369408452799	0.00819552932793387	0.0073941156452062
mcomisiones	0.00273382075899107	0.00579388416931016	0.00912662809763945
Visa_cconsumos	0.00270341143062661	0.00619854664968349	0.0119728985552084
mtransferencias_recibidas	0.00244963194316388	0.00857373338267172	0.0122204003341274
cliente_antiguedad	0.00239366021566902	0.00609309528998229	0.0120347739999381
tcallcenter	0.00236691038073319	0.00817050243002094	0.00352690034959626
numero_de_cliente	0.00230810781022322	0.00578348640091527	0.0126225907248708
Master_mfinanciacion_limite	0.00226619416512477	0.00524135285321685	0.0113850818302757
Visa_mconsumototal	0.00210943100214635	0.00543329874362451	0.00900287720817994
Visa_mpagospesos	0.00197926900034768	0.00578970624586752	0.0122822757788572
ccajas_transacciones	0.00197594635911255	0.00502232760637923	0.00216564056554157
ctransferencias_recibidas	0.001966357313534	0.00791661248355562	0.00952881848838289
visa_fe_suma_all	0.00187931588096929	0.00585201307603785	0.0108591405500727
mtransferencias_emitidas	0.00173757448355551	0.0106684114305177	0.0129319679485196
mtarjeta_master_consumo	0.00170237719706079	0.00836031307113897	0.00411471707452897
internet	0.00167391801785524	0.00818818277583089	0.00327939857067723
Master_mlimitecompra	0.00147185412418101	0.0034513147427953	0.00751786653466572
Visa_mconsumosdolares	0.00145653184912293	0.00852359604342988	0.00804380781486867
cextraccion_autoservicio	0.00143950844914098	0.0128464507546489	0.0119110231104786
master_fe_suma_all	0.00138360890167694	0.0043815992802375	0.00433128113108313
mcaja_ahorro_dolares	0.00138131607693151	0.00374448966350167	0.00856974909507162
Visa_mfinanciacion_limite	0.00130938776043921	0.0038747963184235	0.00801287009250379
ctransferencias_emitidas	0.00129816156385014	0.00430489212413887	0.00594004269405686
Master_mconsumospesos	0.00126181914579237	0.0030920434324638	0.00423846796398849
mttarjeta_visa_debitos_automaticos	0.00124123417204945	0.00373566567242952	0.00662067258608421
ccaja_ahorro	0.00124107465901967	0.00661646016953279	0.0034650249048665
mextraccion_autoservicio	0.0012290555098383	0.0110779849089928	0.0121275871670328
ccuenta_debitos_automaticos	0.0011347490685251	0.00216239036282351	0.00365065123905578
ctarjeta_master_transacciones	0.00112095515925734	0.00205795808226865	0.00154688611824397
Master_mpagominimo	0.000988621549942428	0.00156006265494279	0.00293908362466355
Master_mconsumototal	0.000911415319502414	0.0020275068834638	0.00306283451412307
Visa_mlimitecompra	0.000839560452433077	0.00244043564615932	0.00476440924419144
ctarjeta_debito	0.000832200513328988	0.0016620352969081	0.00297002134702843
Master_cconsumos	0.000735041703973488	0.0014381141048364	0.00250595551155524
ctarjeta_visa_debitos_automaticos	0.000654577336491398	0.00248165340861883	0.00287720817993379
mpagomiscuentas	0.000594294621004451	0.00266616017178688	0.00473347152182656
Master_msaldopesos	0.000572177612261937	0.00228612418304446	0.00312470995885283
Master_msaldototal	0.000560983379556361	0.00244954940493556	0.00312470995885283
Master_mpagospesos	0.000549799833333186	0.00381688266770457	0.00386721529560994
tarjetas_fe_suma_all	0.000513126131039764	0.00116272264208404	0.00201095195371717
matm	0.000457902218655861	0.00358208878926061	0.0052903505243944
Visa_msaldodolares	0.000393646272311583	0.00324713689205801	0.00191813878662253
catm_trx	0.000389568935404794	0.0044618325706054	0.00436221885344801
cpagomiscuentas	0.000341392304158608	0.00153909702074748	0.00281533273520403
ccajas_extracciones	0.000312409040043105	0.00563985795803907	0.00142313522878446
cseguro_vida	0.000277144756181644	0.00325502384211304	0.00108282028277078
pesos_fe_suma_all	0.000263592274696243	0.000960502416796999	0.00179438789716301
matm_other	0.000219675166260204	0.00159209741543442	0.00142313522878446
Master_fultimo_cierre	0.000177987003099231	0.000637622166882545	0.000990007115676144
Visa_madelantopesos	0.000167506729920799	0.000814381219022219	0.000464065835473193
Visa_cadelantosefectivo	0.000153540464754775	0.00145414992484521	0.000742505336757108
Visa_delinquency	0.000150122867645297	0.00105084747107265	0.00061875444729759
Master_mconsumosdolares	0.000139262503400608	0.000217629845997655	0.00061875444729759
Visa_fultimo_cierre	0.000130868523451114	0.000546069119970357	0.000742505336757108
Master_madelantopesos	0.000129160617468531	0.000155587946299644	0.000340314946013675
Visa_mpagado	9.44504424779971e-05	0.000807961170928954	0.000371252668378554
Visa_mpagosdolares	8.09682047976003e-05	0.000380049536323391	0.00058781672493271
Master_cadelantosefectivo	7.02429000067467e-05	6.13012986049545e-05	9.28131670946385e-05
Master_mpagosdolares	5.77805669688932e-05	8.48786053540312e-05	0.000247501778919036
Master_msaldodolares	4.21918454913824e-05	0.000182587522530559	0.000123750889459518
mttarjeta_master_debitos_automaticos	4.21146286820541e-05	0.000281623349998812	0.000185626334189277
catm_trx_other	3.52988019842678e-05	0.000499743919484956	0.000525941280202952
ctarjeta_master_debitos_automaticos	2.64001995155993e-05	0.000228175132496452	0.000123750889459518
Master_mpagado	2.10651404732953e-05	0.000131354334516883	9.28131670946385e-05
cseguro_accidentes_personales	1.24166419950444e-05	6.68362380748105e-05	9.28131670946385e-05
cseguro_vivienda	7.74447392743755e-06	2.24596313190066e-05	3.09377223648795e-05
active_quarter	6.52679555695177e-06	3.35054256703266e-05	3.09377223648795e-05
ccajas_depositos	5.35141245047092e-06	0.000122605607783458	3.09377223648795e-05
Master_delinquency	2.98833245742264e-06	4.65208877660868e-05	3.09377223648795e-05
mplazo_fijo_dolares	9.48677718800316e-07	3.86407115015515e-05	6.1875444729759e-05
Visa_madelantodolares	7.80245164010774e-11	1.56783143998601e-05	3.09377223648795e-05
